1109 
1177 2554 1396 2473 
418 374 
1619 925 1051 42 695 
2692 
2470 
1544 
2015 106 
2413 401 858 
1271 
2535 
2194 1564 
1418 153 
1515 2394 
658 2583 
2283 
22 98 
2738 538 
1869 1671 2570 
1318 402 1484 
2109 2657 1646 281 1765 
2085 
958 2771 2234 
41 2396 979 2707 
760 1805 65 1539 
1567 2136 1951 
580 
107 
335 1782 
1982 567 
1745 1204 2364 1152 923 
301 341 2682 
2549 
452 
2607 2558 1704 2779 139 630 
1966 1936 
758 
2364 146 1468 2140 
1883 
2663 120 2523 
1226 
301 1452 341 797 2059 2598 2682 
843 1844 
2030 206 
2561 2427 1818 2610 
2413 401 834 456 9 
1958 1353 
678 
782 
2223 
2413 401 2370 
2714 
2573 2719 2787 
1635 1618 
1298 
123 2279 50 
1291 476 
2694 201 
321 1601 1046 1157 
1371 1303 
1956 2047 
2318 153 
1936 
1112 199 1577 
473 7 473 482 246 1721 1548 1289 2253 1281 2104 2261 2261 2531 2143 2482 1802 1193 
2670 1768 1278 
1881 1189 961 2354 
2537 1218 2590 1799 
2448 609 
1846 1298 
2586 2197 2397 596 2228 1767 1281 2103 1140 2586 1281 2106 924 1303 1756 666 2751 2020 251 
1716 962 2326 
1374 1780 2738 
1092 2453 854 
614 1843 
1584 2638 1754 
2738 
1843 
1922 
2301 32 1041 
1869 1671 
1745 1153 2145 
1161 1843 
1729 206 415 
567 2042 2040 2433 2079 1534 1407 2436 1271 178 363 167 1023 1215 
1252 878 
2250 476 
963 
2700 722 1672 1154 890 163 885 2179 1076 2614 1685 405 615 629 241 2614 1841 
2130 375 
2091 2371 
678 
221 772 751 
452 
261 1489 
1956 2187 2721 
560 1366 1933 919 
737 2168 797 
1507 427 446 1236 
1245 2485 
2414 1914 
2373 1704 2261 
1881 
1505 1777 
1283 1859 1952 
1412 580 
658 2583 
2098 
2080 
991 
791 2463 
1887 311 
991 1276 
2201 
2698 1517 
1795 2691 
1347 2222 1047 
2692 
1366 
231 100 
195 
1973 
1767 
2586 2495 
76 1308 2224 
243 580 
194 
1516 1516 
1279 1502 1898 773 2413 9 31 2570 
585 2269 926 
1911 2124 
798 2224 
2057 
1699 2190 
2313 641 
2055 1767 
2413 401 834 456 
2279 
1986 2387 2232 
1469 
1675 401 
1646 2395 
706 588 2221 1748 1440 
2460 2228 
2605 2143 
2714 2244 
335 
1671 1271 
889 
1028 2612 
1709 308 
943 22 2198 714 1541 631 
2797 2800 447 
2694 201 1352 1334 2328 226 
468 
2755 2535 
2228 
2769 
468 2016 
375 2583 
2373 2410 2481 
1808 
1519 
1232 
597 2224 
607 1303 
243 
1624 1303 
2798 868 
2693 2261 2790 
1353 2228 1227 
1727 2676 
427 667 
433 2124 
452 
597 2381 2042 
2549 
1987 
452 
1094 309 1086 
2092 
2755 2652 853 
1147 479 2718 
1980 2759 
2520 363 
1271 
1967 1402 1967 1976 
2583 329 375 
1106 2347 
2042 2474 
2620 1752 1878 2591 1465 2780 
2598 83 
900 2042 2525 
1180 
47 2809 
1366 
955 1494 
935 
1911 
335 1869 1671 569 
23 976 
1303 2536 
10 1271 
2557 145 
372 2076 
2313 2346 
514 2382 
911 829 264 799 
1891 2047 1840 
2685 799 264 
235 758 
1070 753 1806 
1716 962 
2537 1218 1799 
1665 2709 2042 
2549 2482 
1152 923 1101 1886 2571 
586 1747 
1229 779 1209 707 2311 1703 471 
1070 1790 2651 
2495 
1697 
2692 206 
687 
2289 924 1669 
47 460 
2244 2714 
130 327 
339 1767 
1869 1195 
1380 605 
1987 
10 1271 
130 1299 1375 
2793 758 1025 
2555 
1517 1721 27 
985 1544 
506 1918 517 534 2622 1271 564 647 997 2281 1851 2622 1271 1918 506 
1544 
152 581 461 
757 1419 1103 1831 
1546 82 
1515 2394 
2598 797 
217 1881 1021 1488 
2506 
758 196 
2476 213 
1298 
101 270 1902 
908 2583 
1987 
1150 2286 
1992 1816 1562 2624 
2134 2448 609 
2738 
2275 1429 
1742 1699 
2224 
1636 2579 2572 
2709 2042 
468 404 2435 2412 
2093 337 
2258 1846 1298 
469 1313 2696 
2558 301 341 186 
2649 
1155 2391 
1546 82 
243 1984 868 1064 1508 
573 
1297 1374 
1742 1699 
573 
1457 2813 
297 
674 1738 
1985 1178 1077 
468 663 
2039 2057 2612 1028 
2425 2181 1255 475 2708 
2448 609 
1370 965 
37 1271 
1124 2224 
1063 2223 884 
2607 2184 833 
2291 1474 
980 750 1322 
838 2535 
2419 904 
439 1252 
418 401 
1041 
1790 2405 
1305 2477 
2364 255 2270 146 
2663 1477 
1817 2008 
995 1570 
1354 1298 
1298 
2092 
944 867 2032 
1735 
573 104 
447 1721 
2537 1218 11 837 
597 2224 
1161 2025 
2307 
2709 
1855 2667 
1767 
2085 606 
2414 1914 
47 
408 
1357 1898 1340 
1067 283 
264 1329 
2785 
758 
2057 1028 
1059 1917 1583 
2393 667 
335 1869 1195 
1047 2723 2222 
2779 
1086 1094 
2298 1477 
1466 1060 273 2610 
462 512 
1224 1996 
2502 161 
2735 
2734 924 
2270 1566 
153 1578 699 1900 
2244 
2574 252 401 
797 1698 2598 
907 1293 
2738 
1234 2057 2612 1028 
1735 501 
1843 1686 
1976 2435 
818 2790 
1704 630 
2116 1881 
63 815 1552 1604 
1451 1312 
956 2158 1648 1035 
75 
2549 
1088 1187 
2413 401 834 456 
2460 2228 
1112 1959 
1182 
1911 
2540 2093 
1733 2634 
22 54 2195 2499 
2224 1736 
2770 
406 1843 
2481 171 2483 
2139 1270 1464 2659 
220 206 
790 2463 1437 
1208 
1611 2228 
1152 923 1101 1936 1814 
1870 2003 
1948 816 
2423 1893 2533 70 
1021 1881 1488 
2007 2373 2481 
827 
2715 1194 1004 2637 
1281 
2519 908 1016 
2793 758 
1457 2135 
1418 153 
724 179 
1163 1510 
2018 1336 1271 2622 1100 2166 2074 632 632 2082 376 2263 
2244 2714 1948 
2520 363 
2570 1668 17 2610 
360 
1479 
740 1327 929 1330 2021 
1561 1325 206 1561 
334 1827 
811 2124 
2547 
12 678 
1923 1844 
1182 
418 401 
1610 
1846 1298 
697 
1002 1007 1628 
1519 224 2730 
1115 2224 
2291 1474 
1384 2484 720 
1271 
710 
2399 
1361 1125 
1500 
1511 
2313 619 2313 619 
828 
1249 
320 
1745 2364 1204 
1911 1192 
2495 2586 
1612 1310 
153 1514 
2258 1298 
2196 152 
2788 1881 
2712 763 
1745 
611 
1788 1984 
313 
1110 1374 1208 1031 1036 
468 
2098 
2443 
1425 
261 1201 2688 1644 
89 
1195 
22 1972 
574 1020 
1195 
2060 726 1865 357 2149 2636 
2007 465 334 
485 
1618 1635 
923 654 2571 2143 15 
821 1556 
1119 1118 40 185 1923 872 2246 1844 
16 714 
1020 
208 2672 1128 
669 670 
581 
141 172 
2275 
1761 
1263 1403 
725 
2503 1474 1778 
2061 2690 
2080 550 1699 
1448 1397 1608 2188 110 1081 1683 
1921 2718 
1320 1459 
2583 254 
1214 
2420 1558 
153 1295 
580 
1522 1120 
1658 1547 1814 307 
1554 2485 
1363 
350 601 350 601 
41 74 2396 1271 
2167 
892 
688 63 
2784 1881 
1932 397 
2535 
1780 1374 
320 1008 
2244 
108 1307 
2667 
1225 
244 2129 
991 1276 
1869 1195 
1544 
2267 1002 
505 
2776 777 
2352 1916 
1415 1453 2227 
1966 1936 2739 
2526 
511 
1916 1568 
2175 679 861 
2058 
2532 145 
465 
1704 2779 
1174 
1563 1640 429 1260 
1223 1420 1426 
289 
1936 
2625 989 202 740 
1516 1516 
2042 
2402 
1544 
1881 1189 
680 248 
1494 2747 
1869 1671 
79 
1889 2806 
38 152 
2695 257 684 1803 
1888 532 2092 
1367 1969 
2443 
1542 2089 
329 2583 
153 
2092 
419 847 2108 
962 2067 
2345 1747 
2297 2452 
147 821 
1222 1840 
320 1008 
1799 59 
1182 
1527 422 2602 
723 778 
2747 2353 1494 
47 438 
531 1271 
1753 2068 
2520 363 
175 
2485 2556 1699 
1093 
2001 158 394 2515 
404 1732 
1299 338 
721 1730 1224 
1238 
1431 59 
1147 479 2718 
323 2349 759 
1161 
758 2791 
2123 1267 
1869 1671 550 2473 
439 1252 
955 1494 
2041 1200 
92 1967 
1885 140 
243 805 1003 1919 
1182 
941 1253 2667 
1516 
896 
2053 242 
1570 2560 2152 
760 65 
343 
335 
571 548 1784 788 
1552 1604 815 
907 2286 
1591 1977 
1022 758 
2060 733 
1098 474 
552 
624 2744 2215 
2567 
728 371 2726 
2721 
430 2085 2468 
942 2473 
1438 261 1201 
976 
1293 
2319 331 1161 2543 1810 758 1025 203 1342 2793 1025 758 
2689 
2358 
1333 47 
2485 
2 323 1395 1294 2529 2337 806 1809 2529 277 2529 277 1973 2051 1445 1149 1374 2738 1661 563 563 325 1529 437 392 575 1890 719 2783 1892 859 277 136 898 
1747 2345 
2507 
2458 664 2732 1981 
1230 
1869 1195 
2094 
2769 
289 2406 
2442 2477 
323 2799 
2306 2782 2654 
2093 
1808 900 
686 485 371 
844 1881 1021 1488 
1635 2650 
350 
2208 211 
2267 1002 
140 1132 
1410 431 817 628 60 2400 
1515 2394 
1642 1470 732 
1160 2201 1792 
2010 1073 2748 
1987 
1511 
2714 
758 2791 
511 1065 879 616 
2626 
2346 2473 
1634 1504 354 758 
48 696 
2441 
1710 2045 1432 
1298 
2238 2667 
1717 2610 
604 1304 
798 2224 
139 
211 2208 
1966 1936 
1221 2075 
1954 1276 1499 143 1839 537 1629 1389 1212 205 399 448 1170 
1274 1977 
339 1767 
65 49 895 533 1875 
175 
298 
2584 2242 
43 
122 
800 665 1546 
1063 1344 689 1344 884 
1218 2537 
1789 
1527 422 2602 1527 422 2602 1527 422 1011 2602 206 253 633 1523 848 422 705 686 548 
2495 176 
2406 
2396 2477 659 1282 468 
739 1243 809 
225 375 
1682 1895 1535 2563 486 
1142 543 
580 
99 388 
1106 2347 
857 2723 2545 
52 
2112 1549 1989 1303 
1869 1671 
729 2812 
2123 1267 
1825 
927 1405 1647 
1721 2534 1517 
2207 2085 
1067 1188 
2365 573 
141 172 
1615 2105 
2769 548 
1637 
39 654 1978 1862 1393 1934 
2096 1911 2610 
1637 
1694 311 
2057 1028 
2380 567 
2420 384 1171 875 1201 
1834 454 831 
1557 1172 2375 2200 182 
2085 
2535 
328 832 1133 1680 1474 
573 104 668 
1517 
237 
2177 74 106 
1789 
1984 868 2232 2295 
1341 2796 
1182 1273 2285 1117 
932 
1134 2173 1843 
2201 
911 264 2118 109 
811 2124 811 2124 
2268 2303 2084 
15 2485 
478 492 2214 
1513 
1374 2738 
372 2076 
181 2242 181 2242 
2373 968 
804 1953 2100 
758 
1987 
1578 1226 
1409 1490 464 2568 
2693 
2055 1767 
1915 
569 
2762 797 1698 2598 2450 868 617 2450 868 1786 959 1309 1526 198 2656 2743 1037 
2167 125 
1232 
1112 199 1577 
2322 2623 916 
1182 
1008 
2114 
22 2586 
1200 2041 
2269 926 
1374 2738 
797 1698 2598 
370 2119 
142 
1908 597 2224 
335 
2570 17 2205 
1766 2027 2532 
74 1891 638 
1721 
1028 2612 
1374 2738 
2714 
2264 1574 
760 65 
2714 2244 
58 632 2182 152 
1624 1303 
621 2279 2485 
1814 307 
758 971 1321 
2065 2177 
1139 765 
1935 2437 2495 1836 1303 
2735 
1667 580 
2042 2446 
20 1635 
1057 731 2674 
1179 1974 1317 
2047 
194 2452 
2406 
333 998 587 1080 
624 2627 
2497 2215 494 
2699 
423 1557 
681 1649 
404 1832 
607 1624 1303 
642 
391 
899 504 
279 2252 2260 
2202 758 
100 
551 1891 2047 
2714 2244 
710 
1486 
1992 1816 1562 2624 
1308 2224 
950 846 152 431 
2495 176 923 654 2571 
1929 1358 2667 
630 2256 
1639 2373 
1663 1335 1324 2609 
1034 479 814 
568 2047 
1213 2228 
508 269 
734 396 
2702 907 2476 
593 100 
1358 2667 
1772 1580 
1267 547 
687 
2232 
1874 610 
1816 1562 1992 
47 460 
1226 1578 
2540 820 
2360 1276 
607 1303 
1 1442 
2297 
503 2485 
375 2583 
551 2047 
2583 494 254 
264 1329 
2202 758 1684 
1418 153 
1116 2634 1830 741 
1334 2328 
1932 1881 
608 2228 
1431 984 
2692 
1577 2528 
2507 744 910 744 
2630 1960 
1699 633 
1793 2416 374 252 1725 499 
1481 160 
381 227 
597 2224 
2466 2009 
710 166 
153 1295 
766 1696 
365 
1682 
401 918 1467 456 
2549 2482 
1291 
501 889 
921 1881 
2502 161 
2232 
323 
2790 
638 2177 
515 1646 
1717 284 
1004 
2767 1308 2224 
2177 2065 
2495 2586 
1662 
1626 655 758 1326 
55 96 
1994 
947 619 453 
1846 1298 
621 2279 2485 
418 1456 401 
2798 670 1699 
1660 1882 1019 988 
2595 2277 
2546 
679 2175 861 
2679 1344 
1366 
2549 2482 
2283 
1937 2267 210 
2006 2407 2224 
2728 2431 2752 
688 2029 63 
1980 2759 
1632 153 
1558 2420 
2276 
2723 
1911 2610 
329 2583 
368 
2549 2288 2482 
452 
1746 2224 1097 
821 147 1957 
1287 
1348 2667 
2116 1881 
2213 1303 
2798 
1554 91 
289 
1622 1657 
2321 
1527 422 2602 
1113 1105 906 783 
1999 1276 
1956 2047 190 
2420 1558 
2607 2184 
280 999 
452 
678 801 
1814 2514 
84 735 
46 548 1704 1571 
100 
580 
1776 847 1038 
87 893 1433 
2813 
2365 573 
1973 2491 670 
1609 164 
2669 1419 159 
2261 2790 
153 
212 2219 2107 
2347 
660 
2447 2155 
1578 1226 
1850 
84 735 
2255 940 86 2697 
1755 847 
204 
1070 
1596 51 630 170 2498 
2715 2122 648 1108 2678 2300 
2317 714 2779 
554 1176 562 
452 
301 341 2682 
2769 2261 
2592 537 2554 
220 1747 
2790 1840 
28 1511 
603 847 
2232 1984 
1704 1718 1571 
22 2042 
1031 1374 
2172 
2413 31 200 
317 
21 
638 2177 
1613 1868 1945 2640 495 507 443 336 
2556 2485 1699 
2714 
573 104 668 
1232 
1682 
433 2124 
2177 74 638 
238 2283 
1615 2105 
1112 
1713 1224 718 
1567 
1516 1516 
2574 1502 252 2408 
2501 228 656 
2055 
1104 874 632 10 1271 361 518 2018 874 632 156 2720 1271 632 189 1089 698 1462 119 2284 1531 
2485 
2365 573 
1870 1072 
663 468 
797 
2476 509 
968 1248 2280 
670 2722 
2798 1699 
2738 538 
2421 1559 
2693 984 877 2201 1427 
1964 2033 2765 
827 
2584 
610 2753 
513 2398 
191 
2769 2261 
1515 2394 
634 1102 
503 
2667 
1145 2150 
2148 
2448 609 
2778 758 2791 
1624 1303 
1935 
1814 
621 2093 
452 
2769 
2516 2583 
1122 
1707 2165 178 
723 2677 
2201 877 
1298 
1141 2459 
2334 
2177 74 631 
1524 401 252 1693 
1028 2612 
570 984 
73 489 
894 303 
1779 540 927 2589 
2472 207 2511 
1967 1567 
2772 567 
2771 
2217 1438 
100 231 
2340 673 
2482 2415 2643 
2768 1881 
624 2627 
863 2361 2610 
2798 868 
1940 1423 448 
1778 2026 
1545 
34 2288 
321 
1987 
621 2279 
1980 2759 
1062 2022 501 
677 
1449 1949 1734 500 
1365 528 96 
47 1331 
2043 
811 2124 
15 2279 323 1910 2510 319 
1959 2047 
1366 
323 2349 759 
1974 260 2742 2487 1974 260 2742 
1070 753 
2598 797 
714 631 
1673 2482 1905 
1277 121 1528 
2772 567 
1203 1833 487 
1516 
451 2228 
1624 1303 
2549 
1682 
623 1843 
316 275 
1271 
1987 
2005 2009 
2769 1704 630 2256 2261 1555 
2230 580 81 
1799 2537 984 905 
223 2541 
1229 1373 1635 525 2714 2244 
1308 2224 
1735 
1729 356 206 
1719 1890 1916 938 
968 
2163 
452 
2427 17 2561 2610 
1067 
2039 2057 1028 
2347 2172 
872 1844 
2470 2798 
838 2086 853 
758 
2583 
1482 2607 833 
2201 398 
835 845 794 2765 881 1620 1620 881 1210 2617 2629 1068 2038 132 2778 2778 758 2778 758 2791 168 996 758 758 758 2791 1342 1342 
1808 1832 
551 2261 2790 1840 
2556 1699 
1447 259 
627 2634 
1624 1303 
33 452 
482 
2279 621 2485 
1352 2694 1334 
702 523 
1769 1791 
1374 2738 538 
1530 887 483 
624 2583 
2769 
1881 
2485 
1222 1005 767 
2085 
48 696 2296 
2378 264 
2714 2244 
2419 887 2294 
1690 701 1843 
153 
519 1847 
687 
2201 216 646 
468 1480 
135 2419 
1747 
2047 
1020 1760 1024 
287 1538 
2485 1984 
1639 630 
2714 
272 1372 229 
276 537 
2162 2302 758 
474 247 
2151 
431 2604 653 
385 269 
343 1879 
1746 2224 
1381 
232 65 2773 
956 1648 1679 1029 2741 1339 
900 
100 
1845 1491 
1692 
122 
2812 729 
2228 
694 2535 
1273 2285 1182 
1799 59 
375 2342 
900 1808 
2537 
447 1721 
239 1380 535 
468 1480 
1136 
1544 
1607 
655 1626 1326 
1259 2383 2209 912 1303 2705 
2042 
2775 362 
2257 
2223 922 2785 
664 2732 1079 
758 1025 
758 
452 
1544 
2756 569 
654 1747 1681 607 1303 
511 1065 
1710 1070 2613 
1095 2024 1422 1560 2684 
2177 638 
991 
907 
468 
1148 
780 544 2653 
1179 
856 2279 
524 2448 
2278 1363 
1340 1357 262 1114 563 1898 
337 
1497 1691 935 
471 1869 2239 
1891 2047 
1229 
12 1963 
1249 
1530 
631 
2587 1026 
2345 401 920 
1869 1195 
1308 2224 
2383 1152 374 1408 1252 
580 
1727 214 
1895 1682 1399 1540 1535 2563 335 
2276 1962 
2631 827 
2693 
1353 2228 
2406 
2318 65 
2745 1836 
1421 
927 1647 
1790 1084 
2350 639 
5 566 956 1648 2624 1173 367 69 2700 722 975 2281 2395 717 2624 2395 2624 713 880 810 2271 2081 1816 2624 
2343 2477 
1303 
2738 
1605 1836 
288 
34 2288 
1977 541 1475 2113 
140 1517 
2080 
1229 779 1247 786 1703 471 
1728 
1161 
93 1906 1286 708 
1271 
1544 
2177 
1131 398 2201 339 337 
2738 
624 2744 2215 
1013 2313 2565 
2338 2486 
1557 539 2443 1172 
2747 1492 1494 
1546 82 
936 2406 289 1630 
2495 117 
1635 954 
757 
797 1864 
2813 
1869 1195 
2232 
2495 1935 
2098 
1271 
2127 
2658 1909 
535 1380 
2432 105 542 
1361 692 
63 1700 1758 
2201 877 2211 583 1427 
323 
347 2193 2229 282 293 1796 
2556 1699 
1114 
1858 206 
1480 468 
1018 
678 
2693 2790 
327 130 2479 
1532 
1285 366 2090 
865 
2177 638 
2077 1699 
2639 
1515 2394 
1358 2667 
1043 
784 1332 784 1332 
1554 1699 
1374 1780 
1597 1390 1390 
1431 984 
1485 2016 
1976 2435 
1938 2577 
349 335 
330 63 2243 
501 889 
1721 467 
218 291 
2047 
2556 1699 2485 
1067 1188 
973 
1606 1516 1516 
44 
2559 619 453 
2279 621 2485 
452 
1277 121 1528 
1716 962 
80 1175 
2037 758 
1224 721 1730 434 
927 1647 
957 2023 
153 2115 1418 2141 
2228 
1496 2436 
206 253 633 
1861 2546 1510 
1692 
452 
1812 2635 
1161 
1714 2283 
1948 2146 704 
2373 1704 2261 
2283 
2512 2353 
1305 2477 
1457 
2373 2481 
430 2085 
2609 1663 
2177 
1856 2605 
2549 
1987 1767 
1821 908 1553 2583 
206 1729 
2267 1002 
2549 2482 637 2288 
1643 1844 
730 2477 
900 2042 2080 
2597 
45 700 2296 424 696 
1682 974 
93 1906 708 1286 
2785 2404 2417 1075 761 
503 2798 1699 
2521 
970 
1047 2222 
2298 1477 2196 
1704 177 
1319 2283 
907 1293 
2246 1844 
1904 
2693 2790 
1431 
1148 
1844 
1208 1341 
1516 1516 
957 
1213 2228 
685 569 2790 
999 
1999 754 990 1276 
907 58 2702 
2588 2265 1533 869 
431 
2738 
1615 
234 2329 
2569 765 
2304 581 1772 455 
2479 327 
2688 1201 1644 261 
1259 354 1014 2641 1750 2687 1369 1378 556 2099 1012 2582 1443 
1727 113 
1704 
1807 1226 
2433 2079 
2085 2473 
581 
2485 
2323 907 
1961 2382 108 1307 
2647 1070 
621 2279 
623 1843 
1067 1188 
2714 2244 
792 114 582 913 
1987 
510 545 
467 1721 
2399 2519 1199 
1361 1936 
2238 1348 2667 
2482 1802 1193 
2769 2261 
1925 2019 2073 306 
2725 696 
2728 2431 
341 301 
1946 987 
597 2042 
375 
1651 
1948 2236 
1111 2703 
2031 
1735 
2755 2535 
865 124 2251 
1036 2066 2661 2363 2554 808 2314 2610 
1681 1614 
2373 968 
1087 1881 133 
284 
1213 2228 
624 2583 
1224 721 1730 434 
1926 1881 
1129 130 
1451 
1426 1223 1420 
73 489 
536 2428 2562 18 2611 
1067 
1028 2039 2057 
1807 1226 153 1674 
1196 314 
886 
672 2362 
169 2551 
2798 670 1699 1090 654 2571 
1353 
2266 1928 
2535 88 2206 2578 
1453 1415 
800 1430 
1747 2014 1252 
1258 847 
1124 2224 
1627 847 
2176 137 
2232 
2738 538 
337 
23 976 
8 866 894 
15 2320 2485 
2042 
1298 
576 1143 2693 984 
957 
1554 1699 
602 206 923 654 2571 602 206 
2373 2269 
66 2075 
1129 130 
2628 416 491 
321 1601 1046 231 
2625 201 989 
638 1570 526 
2526 1565 
1186 174 
2413 9 31 456 1502 2413 9 31 456 1502 31 2413 401 
17 2610 
538 651 
2769 1018 2357 2496 
2171 
689 2223 
863 
460 1224 
2791 932 
2304 581 1772 
1282 2396 2477 468 
1112 
2549 637 
1721 27 1517 
2354 
2290 870 1276 
2561 386 2570 2427 1740 2668 2610 
2331 660 
1849 201 
1936 
1163 2639 
1125 842 2011 2138 466 
2791 
1535 1411 1525 130 2379 
1044 2254 
1413 2527 2576 
716 420 1276 
22 
2384 1224 1835 
1396 569 2473 
665 1409 2461 1162 
1589 
2354 1881 
1343 891 153 
2340 2727 
2384 1224 1837 
2240 259 
410 
274 2452 
2813 
1622 1836 
2813 
1371 1303 
1311 2097 901 
2177 2128 888 
152 2466 
1229 779 1247 786 1703 471 
2519 
1020 2600 1233 1205 
1230 
1771 2603 530 1190 1913 
1738 674 
2442 2396 2477 
878 1252 
1298 
710 
1129 
2088 2510 188 1040 715 
2485 
624 2744 2215 
335 2147 
758 
280 
1726 1277 
268 2430 1269 
2609 1663 
2413 31 2570 
2283 
580 
955 1494 
327 1296 
1045 2259 1024 
497 1159 
197 1836 
2647 1708 1070 
594 1826 
1721 27 1517 
375 2583 
827 
206 978 2807 1877 
1544 
1738 674 
1083 1995 
802 2519 
2706 2079 295 1360 2403 
292 335 
1627 847 419 
1861 2007 2373 968 
548 1704 1018 2496 
470 1096 140 
606 2085 
580 580 
2574 252 2087 401 
1225 1276 
2080 
380 431 
938 1890 1916 1719 
2485 
284 521 
1394 252 401 
439 1252 878 2500 2111 
928 
1869 1421 2473 
2183 665 2461 
1654 
175 407 2192 1192 
559 1966 
614 
538 1192 
2088 1040 
2128 2250 2546 
1225 1276 
1420 186 903 301 1223 2682 
927 1647 
2693 2177 638 
2648 2063 
1380 535 
1370 
2709 
1872 1406 2585 1483 
1881 1488 
468 2581 
1041 2301 
1721 
462 1998 
868 1984 243 2232 
2232 
2295 1747 
1716 
2792 2354 1645 
2427 2561 2610 
580 1412 580 1412 
1356 339 1767 
1988 
2813 934 
1021 1881 346 1488 
1869 
1567 2136 
776 758 2671 1202 110 2237 2758 690 
1410 2286 
2098 
1635 
1665 2709 2042 
1984 2610 
1463 2374 
2356 949 
766 2575 1696 
2098 
1250 1557 
153 
17 2804 1829 2610 
1267 2123 462 
2419 135 
2120 1300 459 401 
1987 
471 
244 
317 2056 
2798 
2747 955 1494 
2646 1881 625 299 
1544 
1510 2675 
2285 1182 1273 
2279 2509 
2485 2556 1699 
2411 1383 
2201 646 
1936 
1343 1749 1306 850 
935 
580 
1296 153 
460 383 982 1224 
501 1062 2022 
1017 1743 
2095 799 830 
1869 1195 
593 1046 2241 1677 
841 
932 2791 378 2199 263 
573 
472 758 2791 
1519 1198 1246 
1801 
243 868 1315 1617 
868 300 61 
1882 1019 988 
358 1896 1541 
597 2224 
821 468 
225 375 
1554 2485 
1815 165 1424 992 2607 
2813 934 
290 313 
2352 1916 
716 1225 
2134 2448 609 931 
449 
1163 1973 
2426 1721 
1320 222 
1861 2779 
2728 
36 855 849 2457 1866 2535 2439 2692 608 2228 1767 2070 1281 1281 2106 1303 1756 666 
73 489 
1296 153 
452 
16 795 714 
1704 2779 
2360 1276 
1474 
991 1276 
1608 2188 110 1081 1705 2385 
1680 1474 
2092 
1948 2249 
2098 
2798 
590 128 2566 
580 
332 2054 558 
2448 609 
1627 847 
2279 
2085 2535 
304 1836 
909 1276 
73 489 
2495 923 654 2571 
2319 331 1161 2543 1810 2802 168 203 
1385 1703 1979 305 
1844 
480 2180 1813 
702 1517 
335 1671 
175 1192 
1881 2354 
550 
2750 2126 2508 
1591 1977 
2373 2269 
1966 1936 1292 
2695 565 444 469 2696 
559 2224 
2476 213 
2290 870 1276 
1298 622 
92 1967 
847 1428 
1191 2690 
2238 2667 
624 2627 
35 852 1955 742 902 1169 1993 
2749 2550 
824 
1930 190 
551 2261 
1262 1441 
1244 2355 1167 1001 2274 656 
764 
665 800 1546 
907 2476 
758 2791 
1881 626 2794 
2798 1699 1048 1101 
660 318 
435 555 
2520 1676 
374 498 920 964 2777 1675 
211 2208 
468 2412 404 2435 
2201 877 
130 1299 1129 1715 
6 1983 1241 
1931 630 
1164 1543 2495 
581 1184 152 
369 413 
2283 1401 
2603 1757 1593 530 1190 
724 179 
2239 
991 1276 
2042 2709 
501 2022 1062 
258 2244 
642 
66 2075 
2714 
430 2085 
48 696 
1271 
1374 1297 
1463 2374 
1700 157 2156 
2469 152 
991 1276 
435 
1398 2223 
1265 1018 
1936 
2134 2169 2448 609 
573 104 668 
211 2208 
1767 339 
1716 
1558 4 
2039 2057 1028 
2060 733 
933 745 
1348 2238 2667 
2736 
886 
425 2244 
2406 289 382 
577 984 2101 1756 
687 
302 352 359 1871 
1869 569 148 
452 
1823 1874 
2473 
2080 1666 85 
2201 
2495 1706 117 
1357 1114 262 2036 1898 1340 
2769 2261 
573 
1271 
2351 1550 
2411 1383 
512 1267 2123 462 
2279 2485 
908 2583 
1516 
1070 
2813 
1554 1699 
1161 
2779 2475 
2186 2680 
22 1972 2373 644 
1157 321 1601 1046 
468 
178 
2177 74 638 
2354 662 
47 1331 
2315 
1574 2609 1338 
1471 1551 
2756 569 
878 1252 
2301 1899 1420 1650 1041 
572 2224 
150 945 2276 
1353 451 1640 429 1260 
710 166 
580 
1936 
17 2610 
1129 130 
2392 897 1049 488 
2423 1517 
2618 
2238 1348 2667 
452 
1891 1840 
1544 
1545 2309 
1519 1239 
1957 147 821 
1987 
580 
2607 2177 354 
1947 2286 
1598 129 431 
1792 
2137 1435 1576 
19 32 1355 1652 
237 
1409 1490 
1572 1146 
1010 489 
2232 
1570 2152 
614 1843 
1291 
1911 2610 
793 
1396 2534 
140 
1774 180 
339 1767 
797 836 
1280 1873 2160 
1251 797 
97 822 
573 
404 
607 1303 
2549 637 2288 
2521 
141 172 
1421 
2269 926 
2295 465 1747 
573 573 
1631 1056 1316 2701 1006 1349 1897 2383 2209 1259 2602 2598 797 1781 1622 932 
1850 250 
1163 1973 
1546 82 323 
2535 711 
1985 1178 
432 2548 432 2548 
1480 468 
2039 2057 2612 1028 
1987 
2714 2244 
1361 1936 
1747 2295 1595 465 
1202 110 2237 87 
2550 
1356 1767 
1656 30 2373 1896 1541 
1152 923 1107 2644 2571 1259 
363 
1936 
986 2763 
2224 
471 197 
803 
2667 1569 
683 1454 853 
471 
621 2279 
2594 1990 
53 153 
573 104 668 
1198 1519 256 118 
2615 2589 
2177 
776 758 
991 
2036 
2776 
1594 2610 
2706 2124 2124 1478 
863 667 
654 1747 1681 465 427 
758 1025 
2057 1028 
878 1252 
175 1192 
1622 1836 
2109 520 
2231 
2134 2169 2448 609 
758 
758 
2177 
1055 771 
2261 2790 
1033 
1574 
2535 983 838 
1949 1449 1734 500 
2452 
1760 77 
1110 1208 1031 1374 1036 
1574 2609 1338 
703 457 2333 315 2478 
436 56 2683 
1624 1303 
401 418 
737 797 
2694 201 
868 2798 
59 645 59 
640 2220 873 
508 269 185 
1476 2004 
1158 
2703 
654 1747 1681 2143 15 
2010 1073 2748 
758 
1348 2667 
2422 1616 1242 1242 
2728 2431 2752 
243 868 
1067 
1788 948 2542 
1959 25 2292 2413 31 200 
10 1271 
782 
105 2517 542 228 
1067 
2519 
2289 924 
665 1121 379 377 
776 758 
1391 1836 1935 2586 2495 
2382 2473 1843 1161 1843 
401 418 
2423 1517 
1704 1571 
1192 
735 1216 1575 2287 
1671 1271 
2201 2042 2795 
397 445 
1819 
2267 1002 
2692 
1517 
1542 
1982 567 
2042 855 2128 2177 
2196 229 58 2232 
2283 868 
153 1514 
503 2798 1699 
322 1303 2312 781 
2117 
1881 
933 
2456 152 
2690 
587 333 
872 1844 
527 2666 1417 2495 930 
1366 1039 2164 
2481 171 2524 
322 1303 2312 781 
656 2355 1167 1001 1244 2274 
932 
1018 
1303 
2377 1434 1585 493 2376 
2046 660 
1697 
573 104 668 
502 401 839 871 847 
1358 2667 
1291 476 
2039 2057 2612 1028 2012 
2556 1699 
2240 259 249 
2769 2189 2261 2790 
1115 2224 
515 
803 
529 1770 
2813 
1460 2583 
1711 78 
702 1517 
1541 
1375 130 
471 
889 2088 889 2088 715 
365 
2177 1067 
1382 
843 1844 
183 2724 
2239 
2522 
851 883 1528 64 533 
236 2708 
468 1485 
490 
2126 
537 1948 
2157 579 1288 1747 
2316 1775 
1807 1226 
105 144 542 
1604 63 2243 
2053 242 
2771 2332 
2549 
2716 2224 
2395 2624 
2145 1153 1745 1197 
1211 1624 
1271 
2039 2057 2612 1028 
2482 1854 
2250 
289 
607 
1869 1195 
1359 2534 1517 
2161 2228 343 
503 
450 2247 1204 1257 411 463 
2538 1965 
981 960 
468 
342 
1716 
2608 90 2369 
2224 
2299 2416 1284 209 
955 1494 
1627 847 
1810 1689 1712 
1789 
1948 
206 266 
2593 541 1977 
821 2429 2050 2673 2064 
1704 2485 
2767 2224 
2000 774 1151 
638 
2738 1374 2518 525 969 
2602 
2080 72 2639 
2485 503 
607 1303 
1141 2465 2493 153 15 2279 
1564 
537 1206 1373 
630 2790 1916 
1780 
1853 
1065 
1885 140 
27 1535 1392 112 
265 
422 2602 1527 
2318 65 
1956 1687 1840 
2552 1237 130 396 
2717 2225 
1271 
1527 422 1011 2602 
911 829 264 799 
1835 1224 1444 
1982 567 
152 
2239 2473 
542 105 2432 149 
473 1625 
630 2790 1916 
598 1293 
20 1970 131 2455 
2791 1608 
1017 2764 
1217 524 2729 
2213 1303 
511 1065 879 616 
1747 2157 1587 1573 2144 592 
2039 2057 2612 1028 2012 
665 1409 1546 
2548 2283 
65 68 533 1876 1343 1731 1783 2544 
1025 758 2793 
758 2781 
2085 282 
914 
1716 
2791 
2735 
860 
1727 
1371 1303 
84 
1680 1474 
1298 
665 1920 
1196 314 
1561 9 206 1561 
1299 
654 1166 2610 868 2297 
2232 
951 1071 
1722 1588 862 
418 374 
908 2583 
2516 2583 
1939 
2201 
1906 93 2504 708 1286 
1112 
2769 630 
2023 
1298 
1376 1718 
2239 2473 
2464 994 
1229 779 1703 471 
1220 1723 2693 984 
1982 567 
1028 2057 
1516 1516 2273 2062 
522 2772 
580 
2043 
2226 
957 
2433 2079 1800 
640 
2485 15 2178 351 
264 1329 
1911 2610 
408 
74 638 
2218 600 2154 2367 416 
1519 
2071 2761 1259 206 324 2505 978 2807 1877 
1308 2224 
1989 1517 
2080 
2516 2583 
1298 1354 1846 1659 
1574 2609 1338 
1259 2494 671 
2586 2495 
477 465 
1579 2610 
3 1450 2224 
1066 1581 
1967 1567 
1542 2089 
1015 247 
2080 670 
1938 130 
1343 1586 65 1633 2444 
1811 682 2308 
691 1602 1085 
1827 334 
301 186 1420 
2441 247 
2537 1799 
2344 643 
2037 758 
1106 2347 
1545 
769 1153 1745 
1033 1126 1082 
93 2504 708 
548 1760 
153 1418 1296 
2310 654 1747 1681 193 2341 327 
2485 
2607 2184 833 
511 1065 400 616 
471 966 1192 1062 2022 501 1062 2022 501 561 2142 352 1638 1653 2203 448 205 399 448 1170 2462 399 448 1170 2462 1229 1721 467 889 501 501 2022 1256 426 1192 175 2740 26 
1377 1808 2449 
1460 2583 
259 
406 1843 
1838 1181 2443 
1662 516 2245 
1911 2610 
1624 1303 
1621 1293 
694 2535 
44 1299 
1298 1641 240 
1735 
1881 1932 
2549 
827 1008 
1370 2760 
1344 2223 
2318 65 
2476 907 
1607 1903 145 
2232 868 
1956 1863 2769 2261 
2036 
2057 1028 
1102 1138 2325 2133 2262 2078 1061 915 1135 1509 2348 749 412 1942 1027 643 984 1052 1069 1461 2681 1461 
1704 2261 
2549 2170 1521 2288 
1196 661 
2667 1569 
1975 
2418 152 
972 1973 
1545 
573 153 
1721 1129 
1861 2373 2546 2434 
335 2147 1671 
206 1729 191 
614 1843 
2339 229 1266 
10 1271 
2599 1506 2599 1506 
2232 
2327 1168 2401 
2721 2065 
243 
2754 1293 
2291 1474 
330 63 1700 1758 2243 
468 2174 
473 1510 1702 
803 
1192 175 
335 
460 1224 47 
2244 267 
2213 1303 
1624 1303 
2098 
957 
1299 1129 130 
1780 1374 
2244 2714 
593 676 1677 1888 
1570 2152 747 
1492 1494 
934 
401 2413 
2647 1070 2580 
2535 
758 
577 953 984 
694 2535 
2571 
2485 1721 326 
1513 
2482 
47 460 1224 
1976 2131 
1512 2233 1078 1436 1880 1231 735 
665 2461 2183 
2798 1699 
2735 
1303 
864 
1243 154 1493 2757 
2473 
1182 
335 2660 
2098 
678 
162 1971 
48 696 
827 
1067 
84 735 
638 2177 
538 651 
1368 1093 
1203 581 152 461 
573 
335 
2072 1020 
431 1410 
1364 2368 807 1030 
2714 
1458 
430 2085 
421 
21 1276 
1936 
2556 
47 
1792 
1453 675 1415 
1624 1303 
1298 
1122 2036 
355 2153 164 
2764 796 
1180 2201 2795 
678 801 
1182 
981 1537 
2444 2424 736 
2345 401 920 
1192 1374 2738 
669 
344 1773 1844 
2346 139 130 
914 
175 1192 2686 
2583 
1291 
2452 
1869 1195 
468 1480 
2495 1935 
1957 147 821 
1571 
2709 1665 2042 2474 
2061 2690 
2692 
2769 
2057 1028 
2535 2206 2578 
991 1276 
1511 28 
335 2132 373 
1704 2779 139 
1498 2593 1977 
2665 2111 1252 
1182 936 
2632 514 
2279 
1281 
1744 
951 
999 
2389 613 1235 
2095 799 
675 1453 
2502 580 2601 
760 65 
2495 
1700 1787 
1298 2386 
1869 2811 
551 2261 2790 1840 
2738 
2347 
1366 738 762 353 
2553 2269 926 
758 1025 
2042 2474 
1267 547 
1948 816 
2473 
2232 
1298 
100 
2383 855 2253 1543 
219 977 
624 2627 
573 
954 1599 840 
2276 
513 2398 
2792 
1352 2694 
1031 1063 
1958 1958 2228 1135 2133 1140 2042 2451 2042 1345 2451 1804 608 2228 608 2228 1281 296 2228 643 1810 643 984 1069 756 748 2711 2282 1943 924 1303 1756 
1196 314 
2583 494 
1778 1741 2503 
2764 1997 
1712 2293 
638 
2386 1298 
323 
2667 1569 
1675 401 917 2530 498 
71 2376 727 390 2210 591 
1276 21 1794 
92 1967 
481 
1067 1188 
1710 1857 1070 1592 1806 
452 
2320 1637 
2602 
2261 
1328 2388 
2495 923 654 2571 
587 998 333 
327 
2549 
335 
2692 
1699 2798 2556 115 1439 
1521 2482 
2623 916 
2442 2477 
27 1721 1921 
22 340 
1517 
2201 403 
9 771 2413 200 
856 15 
206 602 
1780 1374 1192 
2721 
1632 153 
337 2093 
1947 2286 
374 2383 1152 244 
825 
34 2288 
1820 310 1301 
2049 1364 2366 
1293 
1600 743 
206 191 
2406 
2692 
2753 610 
2272 573 
1848 2044 1386 1236 
2321 
1296 153 
1739 442 1991 
116 
597 2224 
489 
1751 2607 
1362 1623 1495 819 2633 1362 1623 1495 819 
1500 2034 
550 2268 
900 1808 
2353 2480 1387 1446 663 
1371 
580 
1219 1623 785 
1182 
1968 1419 
2159 2017 1388 111 2237 2390 1228 1275 633 1254 2291 
1678 94 431 
2769 1704 2779 630 2256 2261 
2041 
127 2667 1346 
62 
1931 2256 1822 
1762 458 1924 1701 
2392 2409 14 1518 
12 1860 
1361 1936 
2693 570 
1182 
1793 2416 499 252 401 
1907 299 2354 961 
2198 631 
2042 
1680 1474 
1863 2047 1840 
1558 2420 
678 
868 1785 1984 
1662 516 
2769 2261 2790 1840 
2279 
1699 
2477 41 1379 1200 
1466 
1958 
1818 2610 
1814 2514 
1554 1699 
449 
1252 2665 1252 
2731 
1271 
2549 
1950 1844 
1519 
2201 646 1160 
2095 264 
230 
1818 2610 
2727 2340 428 
1632 153 
2694 
1789 
1298 1659 
636 1008 
1067 
610 2753 
1008 
1357 1114 1172 1898 1340 
580 
173 2789 1826 
1371 1303 
638 1503 
2318 65 
1836 
911 1520 264 799 
1967 92 
2632 1501 1264 2786 
1337 1240 
1185 
375 2583 
1688 
2516 2583 
2235 
2495 
581 2304 1772 461 
2801 490 
312 
2440 737 797 
503 1473 2204 
1894 441 1884 
480 2180 1813 
907 1293 
876 2548 
335 
1869 
65 2318 760 
1314 2386 1298 
2738 
1874 1724 
1507 427 
327 130 2479 
2503 1474 1778 
2250 476 
584 2535 
1271 2622 
1192 407 2110 440 
2662 496 1127 
435 2121 
34 2482 
2647 1070 
1710 1070 2613 
1323 1759 580 
153 1622 
427 
2261 2769 1959 2715 
1704 1554 
595 
1699 2798 1554 
2619 1412 
1137 348 414 2616 
758 
1182 
2454 2490 939 2710 
1163 1517 
1818 2610 1818 2610 
1000 
1747 
2060 733 
1881 
1303 
2037 758 
1867 164 
197 471 
2423 2085 
1954 909 1276 
37 1271 
2042 1427 
2549 
580 
1281 
2759 1980 
687 
597 175 1192 
1540 1664 
320 1008 
2556 126 1066 
1939 2488 
2257 
1821 908 1553 2583 
2495 
2224 
1050 2774 631 
581 152 
593 
1291 
1371 1303 
1366 
47 2539 2713 826 
419 847 
47 2808 
2706 2564 2124 
775 2606 303 2259 
683 1454 853 
1987 
1200 
1713 1224 718 
2407 
1557 
1000 
1268 
531 1271 
1291 
95 1842 
2771 2332 
693 
618 1655 916 
330 63 882 2125 
1431 984 59 
2279 409 
330 1604 
1291 476 
2785 1053 24 
2279 
75 2645 2733 215 2035 1009 813 2746 2704 
908 2583 
1977 1475 541 2113 
991 1276 
1207 1843 
2485 482 
393 
2201 
1221 2075 
401 2574 252 
665 
1374 2738 
1844 
1099 
1353 2228 
245 2224 
763 
55 192 599 
1808 900 
1820 271 2610 
1567 1183 
1984 2485 
524 812 
2148 
1789 
886 
2693 
1472 957 
2354 
381 227 
2097 1311 1720 
1603 
15 
1987 
2693 984 1624 1303 
776 758 
754 21 1276 
2667 
779 1229 471 1703 
589 
57 2476 
2526 1565 
1799 984 2537 
1516 652 
1480 
2123 
22 1659 1211 1704 2779 2471 
573 104 668 
65 1343 
2596 2383 1303 607 1303 
549 2396 2477 
2785 
1129 130 2359 2586 2535 
34 637 
574 1020 
2185 2805 47 
1758 1032 1272 187 2489 
289 
1305 
2052 2224 
1869 67 
2583 
1695 417 2212 1351 1852 770 
1070 
1745 2364 
1948 
2316 
1353 2228 
2473 1123 569 569 
877 2042 
1716 962 
746 2002 
597 2224 
2007 2373 968 
323 2810 
2071 2761 1259 206 324 2505 978 2807 1877 
1376 1552 
1843 406 
2267 1002 
2605 2143 
1134 550 
1792 
1901 755 
216 2201 646 
1271 2148 
2584 
927 149 1647 
2213 607 
993 823 
2177 
2042 
2721 758 
1438 
2085 606 
2373 2269 
2201 646 
1622 153 
1305 
1091 1543 1298 1354 1911 
1716 
1964 
1655 916 
2048 1941 1797 1326 
538 
462 1403 967 
1980 2759 
2039 2057 2612 1028 
1814 
1795 2691 
1022 758 
900 
1544 
484 
2632 1195 
175 1192 1374 
1987 
1222 1005 767 
573 
2556 1699 
237 
2228 
1404 286 2248 
776 758 2671 2319 1487 1202 110 2237 2737 
2716 2224 
389 
335 
2177 2546 2128 
335 2132 373 620 
2441 
1927 190 
1519 285 2324 
2244 2330 
2782 2783 184 
1938 
2279 
1863 2769 551 548 2261 1840 
2201 820 
1067 
2223 1063 
2109 520 
0 739 0 739 
1827 334 
1516 1516 
1870 596 
2738 1374 
84 735 
2413 401 858 
22 98 
1177 1904 2239 2473 
2718 2766 758 
421 
2492 333 
621 2279 
2085 
2386 1298 
1156 387 2028 
2372 155 728 
1996 2057 2065 1028 
658 2583 
68 533 1726 
2042 1427 
1572 956 
1235 2075 138 2042 2586 2621 2121 2223 2586 1140 1414 2397 2439 364 1767 567 151 1261 1281 1281 1303 2085 1350 523 523 1767 2042 
2667 
2803 932 
1527 422 2602 
1985 2005 907 
1291 476 
2813 934 
1106 2347 
2202 758 758 
13 1902 
1123 1421 2473 
17 2610 
29 335 
1510 1702 
1984 2485 
787 2535 
1622 153 
2042 2709 1455 1054 
1912 574 1020 
578 
2549 
1834 1320 2089 
2094 
2549 
1042 
152 
2279 
2755 2535 
2692 
2039 2057 1028 
1271 1290 
430 2085 
1618 1635 
946 2535 546 
2373 2410 2481 
991 1276 
1356 1767 
1010 489 
1987 
1635 1618 
1581 1699 
2779 1764 
1302 1753 2013 
2331 660 
59 1799 645 
1948 
612 
2738 2655 
1416 2069 
2495 
408 
468 1303 2535 
34 1193 
2083 1836 
66 2075 
372 2076 
1622 153 
580 
1418 153 
1590 712 
2201 670 
2485 2664 
385 269 
868 657 
1291 
1596 644 
1635 
1165 278 2093 1144 621 650 337 635 
1958 2228 
2642 
337 2093 
937 
2196 1576 
1582 952 1058 1074 752 1916 768 
649 152 
2305 1707 
728 371 
323 553 102 2216 
333 
1861 2373 968 1824 
110 1608 1081 1705 2385 
289 
360 
1889 2806 
517 103 
1704 1718 
2519 802 
1836 134 1622 
1400 
2714 
1348 2667 
557 2445 1536 2624 2513 
372 2076 
2813 
2779 
110 2467 
2335 395 1798 
946 2535 
2132 1869 
1737 789 
401 1675 
2323 1985 907 
1670 2438 195 2336 1130 709 2191 
243 580 243 580 
2279 
2738 1374 
1336 
1763 233 1944 1828 
1271 
468 1480 2581 
674 
2535 838 
1267 
2244 
345 2000 
2439 
123 621 294 2485 2279 
502 847 
1200 2477 1379 
164 
372 2076 
2583 
2102 1488 1881 1021 
