1920 0 
2834 1395 1797 2315 1563 1503 1867 1827 2810 571 1182 1576 1412 1 2730 
2 586 404 
650 2004 3 1124 
1897 2852 715 835 4 
5 2210 2803 1740 1095 1040 
1635 1241 75 6 1181 496 2296 
7 919 
1950 837 1897 50 126 8 
1804 793 413 1767 980 9 1075 
926 2071 329 10 1585 1562 1941 700 1152 
2357 11 
339 2591 387 12 817 
13 1000 
650 14 
1541 1032 22 15 
16 2397 1501 2797 
17 2386 743 
113 1268 1346 18 
19 2476 
141 2501 254 20 2027 2915 
2612 1121 21 2315 
22 1329 2057 15 
23 1227 1688 
2392 2207 2574 24 2710 
25 2076 
2904 1695 26 
27 1278 
603 2755 2330 28 
95 2307 1227 1762 628 261 113 2172 29 
1810 1721 30 423 2675 
1410 31 1494 41 
650 32 2595 1415 2829 2242 1071 1745 1877 423 176 
650 174 178 1760 33 
510 948 1880 1562 350 2426 389 646 1385 34 1471 
416 97 710 35 
593 36 2215 323 
297 37 
650 38 346 2675 586 
298 39 
726 935 817 40 
1410 31 1494 41 1062 2503 947 710 
1707 42 1344 2041 
43 1464 1320 2661 
1090 1604 44 
45 2302 1495 1246 
1809 1554 251 46 
47 822 
1971 1005 48 2907 
650 1945 1176 49 2591 271 570 966 427 2433 1479 2262 2543 2600 2840 1507 
50 586 8 
2829 2703 51 145 
95 1274 2462 1987 1526 2618 52 
1458 2863 450 1615 2675 2856 53 620 1887 296 364 1497 269 2092 1981 1056 645 1132 104 1839 1250 1110 1331 1253 1626 
302 2345 2148 54 706 1133 
1047 2043 2940 55 2168 761 1308 1110 1910 872 104 84 
852 226 2650 56 2021 2839 
2539 837 57 1952 153 1492 2935 831 
1469 1818 1755 58 
992 2634 59 1638 760 
919 129 2264 2797 800 742 60 
61 2591 930 1127 1623 
1897 992 1717 62 1895 502 2339 375 1266 515 1409 1903 
2442 63 2661 
1597 64 1405 
650 205 65 1897 
66 102 1594 
67 213 1080 
346 1049 766 1672 1041 68 
428 69 1619 2148 1002 2575 2123 2760 1550 2120 301 1155 1571 658 2518 704 2036 1910 2345 964 236 706 839 1110 2661 
1198 261 1274 2292 2800 119 660 121 70 296 286 2506 1351 2759 2712 1374 2557 95 2381 1679 1684 2451 329 1526 811 525 652 1941 1628 2894 2371 2351 573 2316 737 631 2365 2386 1331 
71 936 2078 2140 212 2732 1311 
650 2673 72 2056 754 
650 1124 73 
1862 2267 74 
1422 75 6 
2576 1521 76 754 
77 347 
833 78 
2324 456 2108 2335 1787 2427 294 79 1475 1136 1095 909 1506 393 1424 2835 1855 2042 600 1425 2176 250 2833 937 749 1490 1434 
628 1130 970 992 113 2161 1268 617 2841 80 1713 1436 1902 2772 524 314 
81 2061 
82 1814 563 
2266 83 1886 1341 133 1422 
1387 1459 2180 55 981 2224 1110 518 1119 84 
1828 795 85 1928 1527 
839 86 
87 1613 
1417 1226 88 
668 89 
2006 90 
91 2319 1802 2104 133 1326 2738 
650 92 
2307 879 2905 686 135 93 
94 441 
1274 932 1242 1790 70 52 2472 95 2909 2533 1022 329 2618 29 1562 389 2028 514 2074 2365 1799 
96 195 118 940 1058 2635 1264 880 
35 1246 266 1494 97 2566 947 1951 
2592 98 1695 1897 
964 1639 99 1056 2661 137 1550 2120 
316 100 397 1273 
2909 1982 673 2500 1328 1321 129 2167 2837 1817 2550 1900 101 722 1505 
2946 362 102 2001 619 2607 198 2508 521 854 66 2184 1118 1594 1037 245 2052 
103 2258 2661 
2191 55 2099 2850 53 104 305 
105 1422 1605 
106 2372 2708 
107 2287 2318 1692 1614 1260 
240 796 844 2205 1798 108 1385 
2912 1919 109 1188 130 
110 141 2071 
111 667 2802 
2375 641 853 601 173 112 
1608 2830 1749 1515 971 2852 80 18 1668 350 1471 628 2533 113 1268 2841 29 1018 2426 1747 184 1912 1821 2503 2772 1346 926 
114 2285 2696 1839 1269 833 2608 1981 1056 2661 766 201 
1762 984 580 992 1641 2770 115 2725 
116 1355 
222 2119 1897 903 835 117 
96 463 195 118 940 1058 2635 2008 2400 1264 880 
70 119 2800 286 
120 992 
121 70 
1484 1227 1762 122 992 1008 1515 1608 1163 
123 2442 425 2661 
1422 124 
466 125 
837 2629 2808 126 8 
517 575 127 2705 976 1068 2804 
959 128 
1881 129 1683 1900 101 722 742 60 
650 2559 1810 1923 1237 109 2717 424 2291 1188 719 130 2094 2675 
1709 645 843 131 
132 1927 2373 507 
149 931 2596 1674 258 2625 1886 656 1793 203 1555 989 2247 2066 419 2864 2266 430 2308 2205 1015 2319 1525 1095 2414 2818 2298 283 1996 2519 903 1987 398 91 1085 1341 1436 1740 133 901 2507 2201 335 1660 1969 2223 2210 1654 2310 83 855 2391 1821 496 2244 1632 1591 1203 223 2073 
650 2651 2044 1897 134 
2782 1012 2235 2386 1089 1274 1256 1812 2245 135 783 2344 2892 2917 1805 924 1513 1949 93 
276 358 136 630 1474 2296 1628 
1458 1165 2815 2388 1405 703 1381 2070 2714 99 2258 451 865 872 407 1715 1155 2330 2579 473 394 827 2175 1639 2518 2276 425 1530 1200 1497 1390 1156 2478 190 2873 876 1308 1532 1056 321 752 1910 846 2628 2326 1544 1269 716 706 2183 839 227 761 2224 981 2661 137 2383 2906 411 1119 305 
1600 138 813 
650 1721 738 2912 632 1415 2913 758 139 226 2291 2650 1082 145 2021 391 
538 2430 1982 1980 1950 140 2507 
141 2501 254 20 110 860 
1166 142 
143 1426 833 1319 1163 
1597 2263 1458 144 1405 680 2065 2741 1056 2661 1296 
1124 791 758 2829 2913 465 1071 647 2879 139 226 2291 51 1894 755 145 488 2021 2703 
2364 146 2317 1985 748 2787 495 
284 2446 1985 1970 327 1240 147 1075 2583 
2037 148 733 
1695 149 133 1892 
925 150 2882 
2279 151 2708 1063 
307 1458 152 2661 
1227 2539 1952 2418 153 57 831 
279 1112 154 1891 613 
1458 1419 181 155 2661 
2307 1227 1848 2278 616 1194 1176 231 1207 676 2455 2096 156 2606 
773 157 825 
2307 580 158 2278 
826 159 1194 2558 1551 
160 2909 1187 2279 1022 962 2509 2167 1817 1900 2756 2254 742 
161 1102 1713 1740 1610 
162 409 
1849 2904 2525 163 
650 1663 2200 2677 2714 674 164 747 
650 165 1695 
1816 1953 1600 166 
1876 167 1897 
168 643 2249 1040 445 663 1953 2842 
2025 169 948 
170 1318 1219 1218 2676 374 
279 2144 1213 469 171 
172 326 
650 2859 1048 969 1328 1064 2944 2916 853 2432 173 1687 674 2767 2665 836 112 
650 174 2155 516 1470 896 1108 33 
2584 680 658 1412 2661 1709 175 
32 2058 2595 1071 1877 176 
177 2884 1076 1628 1802 630 1668 2830 2328 926 
33 178 1735 
179 330 
436 2788 984 529 1251 180 1967 1022 820 705 462 1994 1396 697 275 1091 252 
2714 1021 518 1430 1497 2298 181 1467 1981 2661 2851 1419 2289 1839 2303 155 1837 1616 1544 2850 797 
561 182 1102 2852 
650 183 2584 
113 184 2719 971 
185 1970 1075 
186 685 2591 2202 1030 
187 778 2422 
2909 188 673 2401 932 2372 919 1328 365 2399 2708 1093 
1762 2725 1759 2403 2680 580 1713 2373 1152 314 1339 2462 992 2342 956 189 617 2841 1927 1130 1102 2252 2173 
137 190 
191 1594 342 1062 
2841 192 
666 2366 984 2349 956 971 1278 2096 1259 2057 193 280 1323 1892 2562 295 1383 437 
194 1823 2717 1053 1232 
1058 195 96 118 
196 352 523 
2824 1644 197 
102 2427 198 892 2184 
1710 1005 2836 2789 2907 571 199 1610 2572 1794 2722 
1456 200 
201 833 114 2661 
390 1075 202 
133 203 
204 433 2633 2405 2703 
1897 205 1430 2817 65 
2448 368 2106 793 571 206 
546 207 
956 208 1501 2797 2512 803 
209 546 
724 210 2402 1142 2609 1313 
2588 2436 1224 211 1548 2725 295 2298 1045 
71 936 1781 2253 2140 212 1264 2802 1311 
2868 67 213 1161 543 
2367 1914 214 1616 
215 851 2595 895 1343 881 
2515 2210 1506 1143 1516 216 
953 217 
1188 997 218 
219 1061 2588 2725 
1458 1897 425 1978 2442 2661 1780 220 865 1302 
221 927 2610 2017 
222 730 1695 1329 835 117 
223 133 
1975 224 820 
650 2638 225 1232 317 548 2290 
650 428 1415 1071 139 226 2291 847 145 1338 56 391 1327 
1458 1002 2457 872 1550 682 2330 1476 658 2358 1497 2720 1056 1910 1534 1544 227 2099 1110 1701 137 
1780 228 
1985 1209 1257 229 495 443 609 
1590 1264 1166 230 
544 1848 1907 231 156 2280 2028 
2932 2529 2269 390 232 2583 
233 2289 1381 2035 1943 2152 
576 2811 234 385 633 2136 
1688 235 
428 69 1165 2194 406 2760 1751 1757 1550 2320 301 1476 364 1497 774 2478 2298 2452 2774 468 236 2780 411 508 
520 2773 1241 237 496 
2529 2828 2563 238 1767 458 1075 1483 
496 239 
2119 240 429 759 1752 108 2328 2631 458 
2171 241 1254 
242 1526 1837 1056 2850 
1000 243 
2566 244 1062 
102 2324 2001 1475 1594 245 
246 905 775 2682 1326 2494 
633 247 
1720 807 289 248 338 
302 249 2345 
600 250 2108 79 1475 1855 2042 
2422 251 2627 1340 46 1809 2663 
1176 252 180 2489 
253 2124 453 1733 
254 141 20 
650 255 
650 2673 719 256 2094 
650 1810 257 460 
258 1886 989 133 1632 
259 1905 2080 1422 663 
711 260 1075 
261 628 2074 70 2841 29 1759 926 
1746 1192 262 374 782 
616 1274 263 
1597 264 428 1960 641 1199 
1718 265 
266 97 
1166 267 
1028 268 
269 53 1269 2661 
1966 270 1659 
49 271 2591 2262 2475 
738 399 272 2653 754 
273 1610 1092 
925 702 274 2591 966 306 906 2262 2413 
1802 180 275 2593 
276 358 136 2631 458 
650 2934 2908 277 
1889 278 458 
1227 580 2822 279 1194 880 2140 1436 1131 154 2709 1676 171 1891 1914 2792 2802 
666 2022 694 324 1436 193 1892 280 
1972 281 1028 
1006 1697 382 282 
283 956 1802 133 1326 
284 2364 2565 1917 2446 2069 327 1336 2787 495 1651 147 
1422 663 285 1897 
70 119 2800 286 
287 2171 2225 
1458 288 2276 1056 2661 
248 807 289 1373 
1802 290 1941 
650 2673 291 
292 567 
538 2430 1950 1980 850 1897 2019 2808 1540 1744 1573 2157 293 2338 
294 79 2108 
193 789 211 295 2725 
650 2584 473 70 296 1381 1056 2661 2856 53 
650 487 2726 1290 1048 37 423 2767 2675 2459 297 
298 331 39 
299 404 
300 1074 
428 69 301 2877 406 1242 964 236 706 1528 641 1751 766 1550 
302 54 249 
1076 2825 303 729 
1171 304 
1458 2330 680 346 1381 839 305 1497 2661 137 1390 2240 104 1302 
409 274 306 2018 1778 2709 469 1803 1914 1930 
1458 1165 2666 152 2191 307 1302 
1164 308 661 
650 1663 2584 309 1709 
1979 1238 310 
311 1197 663 
1592 312 
650 2914 1286 313 2036 809 1041 
1339 2772 189 2161 2731 80 1293 1747 1346 1152 314 
1458 603 315 
316 2266 1464 100 
650 2673 2638 225 317 
650 318 
1801 1920 319 
320 684 1973 2018 1303 2799 2648 
827 2183 321 1056 137 1422 
322 1351 
1926 36 323 
2047 1927 2144 1384 694 324 1436 2252 1783 1092 1892 1859 280 2173 2853 2768 2373 
2897 325 
172 326 
284 2446 327 748 2787 495 1651 609 147 
328 2290 1355 891 
95 70 2161 329 10 1013 2386 510 
179 1219 330 
298 331 1356 
2521 332 
1807 1598 333 1625 565 
650 334 1575 
2864 855 1886 133 335 
336 2311 
2312 337 
1189 248 338 1613 
339 726 427 387 12 935 817 
340 1789 1124 2937 2291 659 2700 1547 489 2793 
341 2345 1619 2148 2671 2605 1566 586 1133 
985 2886 2196 732 744 1897 191 1884 1255 1870 342 1062 559 2503 2668 1925 2414 1786 1383 2066 
1359 2003 589 343 2570 2236 
2673 2806 2871 1768 344 
2675 2651 345 
38 862 346 1049 853 552 1648 2856 68 1372 910 2281 305 
77 347 
2307 1190 1294 348 
349 1732 2797 948 
113 1562 350 389 1385 34 
2372 1464 351 948 
352 2584 2658 196 2493 1062 583 1876 2277 2839 743 
650 353 1431 
354 1151 
355 2662 
650 356 2595 2829 1071 1338 1877 423 1906 
357 1342 
276 358 136 1474 1313 
1426 1369 2841 359 1713 1163 
973 360 
361 1461 
362 102 2427 892 2184 1169 
1796 363 
1639 236 364 2224 2661 53 797 
365 188 673 
366 1897 2629 
367 782 2311 
368 1971 2231 1271 206 2739 
650 369 754 
2429 2020 2257 900 1404 1786 370 
1553 371 1695 2206 
2102 1982 372 1078 
373 1366 708 
2729 170 570 374 1192 1318 262 512 2384 1319 
1897 62 1010 1776 375 2524 2434 515 1109 2769 1903 917 
376 2462 
650 1415 2086 377 2675 2405 
378 603 2289 2940 1748 1960 1308 2438 1110 2661 872 
745 619 1609 1572 1594 379 
919 2858 380 
1216 381 2322 994 2243 2545 1422 
650 382 1049 282 910 
926 1339 948 1802 2618 2295 383 2593 
816 384 1082 2341 2675 
385 2136 234 
1484 1227 386 1008 1278 1892 1499 
339 2591 2053 387 12 817 2222 846 
2939 388 1756 
2368 2858 2500 1301 1057 773 1917 1336 350 2328 34 825 95 1505 2909 1797 1501 2797 389 2254 800 1400 1982 2865 2315 444 2708 
1233 202 2664 390 549 2114 232 2583 
650 1415 139 226 2291 2650 391 
392 971 
2324 2108 2335 79 1475 393 1953 2467 
1047 394 1110 137 2850 2906 1331 1119 797 
395 2186 926 948 
396 1897 1060 
2266 100 1062 2566 397 1273 
2803 133 398 2210 
399 714 272 
650 400 1557 2675 
401 1630 1203 
2357 402 2598 453 
2307 2316 2381 403 2506 652 
1950 2701 873 2 2753 2808 2379 299 404 2157 2273 
405 2661 
428 2320 301 1155 406 1002 964 236 706 2575 1571 2760 839 658 704 2661 1550 
650 1002 1617 2741 2661 137 2850 1638 407 
2914 408 2740 992 
1803 409 162 306 1915 2695 
1480 410 2190 
682 1165 1757 2303 236 1837 1200 1497 2661 137 2383 1550 664 411 
412 1062 
2932 2854 793 1970 2852 413 2063 2649 549 9 1075 2583 
414 1166 792 
650 415 
35 1717 416 1410 522 1526 710 
2485 2496 799 417 
418 952 2376 631 
419 133 992 
420 1422 1089 1108 
421 1204 709 
650 2912 542 422 488 2623 
650 32 2530 356 2058 1721 1489 1415 30 622 1779 1338 2844 423 2675 2869 432 297 
650 424 130 
1458 2628 555 2197 1571 2181 425 1978 2873 2928 2442 2224 2661 137 123 220 865 
744 426 2226 1062 2503 1042 2423 
1997 829 339 49 2591 2053 427 930 1127 534 1623 1386 2262 1913 2758 2840 1437 2222 1507 
428 264 69 406 2148 2760 1751 301 658 2817 2605 1199 1124 226 2036 964 236 706 1528 641 2395 
2119 240 429 759 2631 458 
133 1326 971 430 
1140 431 2678 
650 432 423 
204 2913 1124 847 2291 433 1139 720 2675 
2690 434 
1184 597 2640 435 1027 2226 1669 
180 1945 750 436 
1848 1762 984 1194 2076 2104 1131 2742 1986 1759 2802 1595 1147 777 580 2822 1264 2792 1227 2349 992 616 1436 193 1331 437 
2318 2287 438 1692 1621 1614 1260 
2204 439 
650 2044 440 754 
596 94 2754 441 
2108 442 
1985 443 1257 229 
389 2909 444 2254 
688 168 903 947 1775 445 2013 1953 
2364 446 495 
447 1853 
921 856 448 
2918 449 2708 
2863 450 1615 2856 53 620 
1458 2276 1056 2661 137 451 1302 
452 1833 1847 
253 1414 453 2024 1140 844 2852 1752 1568 1889 402 2006 1094 1868 1360 2674 1365 2598 2357 1391 1077 625 2925 
2903 1561 2735 454 
1562 455 
79 2335 456 749 
2356 457 
276 1889 2119 240 429 278 1519 2852 2563 238 1713 1752 1077 1389 2328 2738 2631 458 
686 459 
257 460 
2266 1630 461 1897 
650 180 679 2936 811 462 
463 1930 118 
464 1897 2580 
2912 2468 2913 465 1071 755 647 503 2721 787 145 1906 2675 
759 989 1813 1170 595 2448 1235 2852 715 1693 835 1568 1463 2298 2631 793 2417 466 2834 1695 125 1182 1632 2248 1576 
551 1688 2904 1959 1468 467 
1487 468 236 1072 2107 2120 
1227 580 1268 306 469 171 1091 
826 590 778 2422 470 
650 992 1176 471 2134 
1397 1415 472 2036 1906 2869 
1681 473 846 296 1878 1020 1293 1317 137 2222 2882 
2536 2567 1695 474 1461 1002 2575 2072 1149 2270 1998 1352 
2357 475 1050 
762 476 
1458 1165 477 1562 2661 1666 
1056 1422 1897 478 
621 479 
1484 793 480 1581 
2181 481 
616 482 
483 1062 
1674 1886 832 901 1712 1634 1424 484 2298 
1987 485 
2043 2940 486 2168 1308 1110 2224 872 1302 
487 2734 297 1709 2103 2290 2459 
650 738 994 542 1789 1062 422 145 488 2623 
2931 340 1789 1124 2937 659 907 1687 2700 1547 489 2793 1304 912 
1392 490 2739 
650 491 2825 2699 2257 2014 
492 2379 2338 
493 1630 2503 1203 663 
650 538 494 1772 1188 
284 2364 446 146 2446 1985 327 1257 229 2787 495 1651 609 
1844 2030 239 516 1470 2773 1241 1635 237 6 1181 2872 133 496 1169 2935 1753 
1342 1897 883 1470 1941 497 
650 498 2675 1017 
499 663 
500 1670 
1446 501 
1897 992 1717 62 1895 502 1965 2339 648 515 710 
2829 465 2913 1124 503 1472 2703 2623 
634 2226 597 504 
505 948 
2321 1122 506 878 1348 1766 
688 132 1927 507 
1458 964 236 1062 2661 508 
2198 509 1695 1062 
1684 1732 329 510 34 
2247 511 
2384 374 512 
1432 513 
95 514 2549 1543 2067 2719 613 
1897 62 883 1895 502 1010 2339 375 2524 522 648 1266 515 2769 1903 917 
174 516 1470 496 1422 
517 575 127 2174 2705 976 1540 1068 2804 
181 2584 518 2661 2676 2281 84 
1458 519 2628 
520 2773 237 
102 1594 521 1062 
1982 416 883 2229 522 515 546 
1873 1633 2488 1543 196 1330 523 547 1249 2028 
628 2731 1268 80 1713 835 524 
525 70 1943 
526 793 
2898 796 527 
650 528 
180 1762 529 992 
530 2076 
1985 531 
2203 1874 2845 532 
893 533 
1997 2591 427 534 2222 
1747 535 
2637 536 
537 1311 
494 538 2235 1950 873 1880 140 2157 293 
2153 539 822 
2089 898 540 
751 2111 541 
2913 542 1789 1052 1062 422 2675 488 2623 
650 2213 2868 213 1161 1954 543 
544 2307 956 2028 231 1461 1802 1018 2506 740 1135 1477 
2109 908 2827 2115 2439 545 
522 1017 1650 207 2116 2244 2389 209 546 
2307 1633 1543 2082 523 547 
816 2638 225 548 2056 
2932 1804 1970 413 390 549 1240 2114 1075 2063 
550 2802 
1743 551 467 1688 
650 2355 2584 346 1929 1579 552 2776 654 1582 2281 
2796 1165 2330 1476 1639 2168 2661 553 1056 2313 1302 
2327 554 
555 2191 425 1056 1422 
2782 1875 556 1832 1318 1218 
557 839 1056 
558 1428 1314 
2198 1255 559 342 
650 1292 2868 560 834 
561 182 1102 2852 
1059 2736 857 562 1422 
1325 82 1814 563 1238 
564 1656 
333 679 844 1625 565 
1695 566 1713 835 1701 774 2525 1346 2722 1075 
292 567 
2294 1249 1873 568 
2643 741 569 
1723 49 2554 570 374 
2106 571 206 2893 199 2739 1 
2927 572 
2307 1251 573 2316 2381 737 70 2506 652 
2914 574 1062 
517 575 127 1810 2174 2705 1305 976 1367 2804 
576 234 
577 2056 
1861 578 1062 
579 2591 
984 837 580 992 279 956 189 617 2606 1909 1526 1131 2777 469 115 158 2403 1747 437 1163 
1597 1165 2330 1713 581 1296 
2904 2942 2272 1225 582 2520 2622 
2899 352 2214 583 821 
584 1613 1851 2463 1189 
650 1715 2675 585 
1950 2430 837 341 873 38 2 50 1934 2808 1540 2671 1566 2609 586 1313 
587 1784 2606 
588 1801 
2570 1600 589 343 
590 777 1533 1038 470 1262 
616 591 
592 2900 
2460 593 2112 36 1313 
2312 2729 1765 594 2855 
1827 989 1576 595 466 
1166 596 1033 1382 441 
597 1027 435 2226 1669 504 
2275 1613 2570 1140 2236 598 2469 
599 1705 
600 250 2108 79 1475 2042 
601 1850 112 2661 
1823 602 
1458 378 603 2815 1639 1666 315 1056 2661 2258 1564 28 
2044 604 754 
2085 605 706 606 1208 2605 774 
837 2696 605 2646 2014 606 1248 1133 
1177 607 
2139 608 1523 2359 
2364 1985 1209 327 229 748 2787 495 609 
610 2846 
1944 611 999 1501 2797 
1811 612 992 
1100 514 2533 1274 2451 1526 729 154 1747 1628 2712 613 
2428 1269 614 
615 2794 
591 984 1274 1384 156 1994 2712 1374 482 2669 616 2761 2144 263 1112 1747 2142 2371 837 1213 2661 1190 1638 437 
580 1130 1350 992 2772 956 189 617 1515 1102 80 2487 731 2725 2228 1747 2680 1346 1152 1163 
650 2794 1562 2817 618 
102 619 1609 1594 1739 1953 2946 379 
650 2584 1205 1929 2863 450 2684 1615 2675 1253 53 620 2281 
621 479 
622 1779 423 
623 1949 2344 1941 
624 2815 2755 1563 1503 2106 1867 711 2836 2739 
1145 1546 807 844 453 1631 1391 1852 2495 625 2925 1613 1140 1375 2236 
1913 1285 626 1000 
627 1688 
261 1350 1004 1422 2772 80 1152 1339 628 2349 2533 992 113 2161 1268 1543 2841 676 2618 29 1479 1747 1404 1726 1130 2731 1902 1799 1346 524 
629 2236 1961 
2307 177 136 2295 729 630 652 1628 646 1152 1471 
631 2074 70 729 2376 418 952 
650 632 852 2595 2829 1415 2913 2334 139 1687 2370 
2811 234 1007 633 2299 247 1656 
634 2226 1184 504 
650 635 
636 802 992 
1179 637 2593 
1263 2321 1122 1348 638 1766 
2212 2790 639 
640 2725 
428 264 2194 2816 2760 1751 2541 2052 301 2427 1460 1199 2887 1056 1758 112 2345 2408 1695 1528 641 1019 2395 
670 786 1982 642 
904 168 2701 643 2525 
644 2425 1028 
1830 1697 2200 706 131 2224 1056 1709 645 53 747 
630 646 1385 34 
465 1071 1745 647 1779 145 2370 
648 515 502 1897 
2312 649 2039 
650 1842 1193 2677 1322 2687 2094 1412 836 2050 2813 1379 1711 391 754 2056 32 2530 1299 356 2058 2638 1402 49 1363 1049 92 130 256 72 1065 543 2416 2284 765 1830 2155 717 2549 585 632 2468 949 462 1648 183 400 2004 164 770 498 1280 2101 1372 2355 1923 2912 1237 2923 2726 494 1721 1174 2535 1575 1537 1338 2045 1253 2362 424 2703 1044 2715 2895 2595 1415 2829 2098 2879 552 2633 997 173 2653 2675 1139 488 1161 2793 912 1715 2481 2334 382 1180 847 2786 422 2684 317 3 73 255 2075 297 1709 809 1041 887 334 1772 139 226 2291 2650 843 1795 2020 618 1916 1558 353 1508 2584 1431 2613 1826 2466 2876 727 33 14 1331 2219 1416 1939 309 2568 2208 277 1555 440 635 1725 2309 2306 1810 2398 1048 225 1589 1472 1310 1525 65 1497 1036 432 743 1286 313 2029 738 2149 1504 2926 1789 1205 1288 318 1838 2483 1247 2537 1125 2659 2009 2913 38 1232 2847 257 560 834 2656 2844 2888 407 2021 2623 528 781 174 990 1521 1704 1557 415 1691 1292 2693 719 1309 1108 423 2856 620 1202 2724 491 1857 296 2874 377 2621 838 291 1071 1745 1747 165 1786 820 1132 2914 2651 2044 1992 2734 2305 134 369 471 2587 1626 
651 2661 
573 2316 2381 737 70 2292 630 403 2506 652 2118 2557 
653 1150 
1983 2584 2047 847 1579 552 2621 2360 654 2765 
655 2298 
2366 656 1713 973 133 2393 1740 
2357 657 1868 
428 69 406 658 2123 227 1497 1412 1156 175 2240 
2639 2913 1789 2937 659 907 1736 2700 489 340 2675 1753 
70 660 2245 
308 1954 661 
662 1002 703 
2527 2701 908 2827 2115 1039 499 2190 2091 2762 795 259 1006 168 2080 311 285 2175 493 1694 950 886 1196 1095 663 690 2733 2534 1953 1729 1480 2199 1630 2464 839 1622 780 
1458 2579 1302 1839 1837 876 2714 2442 1981 1497 2661 664 411 797 
2316 2488 1543 665 1780 1790 
1484 666 1227 2579 1278 193 2742 280 
111 667 2802 
668 89 1665 
1165 1047 2043 669 2518 968 2168 1110 1757 797 
670 642 
2617 671 
2409 920 789 672 
2903 188 673 932 2372 919 1328 2831 1063 1333 365 2062 2399 2216 101 
2913 173 674 2661 164 
1422 675 
628 1274 676 1879 2936 2455 156 905 
2573 677 1713 1200 2249 1910 2722 
1157 678 
1807 1598 2119 2404 679 2132 1695 2852 1625 811 462 1024 565 2766 
1597 2815 1155 2666 2877 144 1405 680 2548 175 1322 1084 1418 2741 1296 2240 305 
2054 681 978 1942 2121 1223 1972 
1458 1165 682 2774 227 1497 411 
2567 683 1135 2071 1477 
1194 320 1967 684 1973 1623 1303 1435 2799 2648 
925 186 685 2591 2018 1623 906 1803 2110 
1012 93 686 459 
687 1140 
688 1289 1897 507 1860 445 2052 
1302 689 1617 2661 
690 1422 663 2521 
2184 1475 1594 691 
692 2661 
693 846 
1927 2819 694 324 1436 2252 1783 1092 1892 2173 2853 280 2373 
695 772 1060 
696 2877 1199 2595 
2824 180 697 
698 2646 
1982 2612 1388 1568 699 
1888 2749 1100 1013 10 1802 929 700 2593 2738 926 
1839 1686 1981 2147 701 
702 1655 274 966 2413 1914 1930 1845 
1458 1165 703 706 2224 2661 137 662 
69 1155 406 2781 704 1856 2224 
2909 1187 992 180 1022 962 1063 705 2509 1994 2167 1900 2756 
428 69 1458 2194 2085 406 54 703 2760 1751 2541 2320 301 1155 2182 1497 2605 2621 605 1056 2514 645 2430 706 1528 2686 839 2224 2661 137 797 
839 2249 707 
373 708 
2600 992 775 1018 421 709 1637 
35 1654 416 1494 41 502 1948 710 
624 711 793 1126 1389 2739 260 
2914 2206 992 2669 1268 1641 1018 2725 1747 712 
1269 713 1960 1056 2661 2553 
1583 399 714 
2448 2823 2340 1581 1005 2685 4 715 793 835 1074 1794 466 
1458 1269 2303 716 981 2224 1056 2661 137 1390 1119 
650 887 717 1244 2913 1376 2675 1372 
2913 2304 2912 718 
650 2673 719 130 256 
720 433 2633 2405 2703 
721 1062 
1881 2279 129 1683 2167 1817 101 722 742 
783 2098 723 
1977 210 2599 1935 2402 724 1313 
1198 2307 1227 1848 1194 1176 2076 725 
40 339 726 1885 1386 935 2156 
650 738 1504 727 
2505 1277 728 1461 1362 2472 
631 2533 1274 2074 1337 2295 729 630 1444 2386 1628 303 613 
222 730 1081 
2914 992 956 1784 617 2740 731 2680 2035 
732 342 
2155 2721 148 733 1788 
1849 2904 734 2525 
735 2432 2442 2661 
736 2763 
573 2316 2381 737 70 2506 652 
650 738 2639 1193 1974 2309 2005 139 272 727 2650 2653 2675 488 2021 1280 
739 743 
544 1740 740 
2643 741 569 
160 1087 2279 877 1881 129 1817 1900 722 742 60 
650 2355 352 990 17 1589 739 2094 2587 2675 952 754 1454 743 
1969 744 426 342 1062 
2001 745 379 
746 1422 2346 
1663 2200 843 1231 1709 645 164 747 
2364 146 2446 2317 1985 327 748 609 
456 2108 2335 79 1475 749 
436 750 2793 1124 2633 2675 1760 2691 1863 
751 2797 541 
137 2780 1165 752 
1713 2853 1783 753 
650 2576 2902 2355 1508 1053 2535 604 272 369 440 743 72 1125 2537 2675 76 754 
1397 2913 465 1894 755 2650 965 145 2703 
756 2195 
757 2591 890 
1415 2913 758 139 2291 145 
2119 240 429 2852 759 1713 2647 2328 466 2631 1519 
2235 1228 1897 2634 59 1008 2344 1107 1516 2145 760 
1230 2694 2043 2518 55 761 981 1110 1308 1701 137 1910 
762 476 
1097 763 
1187 864 764 1936 1282 2039 2778 
650 765 
301 114 2366 2194 766 1978 2562 68 
767 2142 2311 
856 768 1695 1062 2668 1212 
2392 1459 769 
650 770 2675 2856 
1227 771 
695 772 1060 
1301 157 2164 389 773 825 
2510 951 236 605 566 989 2363 2102 1880 1368 774 2424 2298 
246 775 789 2179 709 
2902 776 2443 
590 1848 1227 984 777 1551 2094 437 
778 2422 2627 187 2723 1340 824 470 
1543 2171 779 2768 
1422 663 780 1062 
650 781 2044 2653 
2040 1746 2761 2688 367 262 1398 782 
723 135 783 2344 1183 
1762 784 902 948 1183 2738 
785 2185 1521 
786 2496 642 2518 
2566 787 465 1415 
2402 1977 788 
1034 920 775 1224 1278 672 1153 789 295 2436 1652 
1201 2325 790 944 
1894 791 145 
414 792 
1503 1813 2742 2583 711 2269 1970 2473 2852 715 1713 480 206 2649 1866 2893 835 1392 2746 9 1240 2739 526 793 466 1102 413 1932 2564 2525 1075 
794 815 
795 85 2026 1480 1422 663 2190 2091 
2119 796 2259 108 527 
1458 797 872 1302 669 2940 2518 364 181 1308 1981 1910 1230 1839 706 1837 2224 1110 1701 664 1119 394 
798 1963 2257 
1982 942 417 2496 2889 2102 1900 1078 799 
2797 803 389 800 1505 60 
801 1422 1897 
1762 992 956 636 1641 2725 802 
208 800 2512 803 
804 1426 
1320 805 
933 806 
1720 807 289 248 625 1569 2236 
1034 808 
650 2914 1286 313 1049 2036 2020 809 
1380 810 
1100 1046 1274 679 70 1732 2295 811 462 1499 2719 926 
812 1792 2620 2215 
1600 138 813 
2544 814 
794 815 
2673 2283 384 2638 816 548 2306 
829 40 339 2053 1885 387 1386 935 817 12 1437 
818 1444 1284 
853 1702 819 2613 
650 1945 1172 1679 180 1695 1369 2098 833 2354 1016 1876 1319 224 820 1726 
821 583 1319 833 
822 2112 47 1422 539 2052 
823 1526 
826 824 778 2422 
2909 919 157 1505 389 773 825 
826 159 1533 2627 1340 824 470 1262 
827 321 1056 137 1422 
828 1142 
829 2591 427 817 2222 
830 1106 
1227 1952 153 2403 57 831 
484 832 
2899 1426 143 1242 2197 2892 821 1518 114 78 2420 1917 1336 833 201 2235 1679 1780 2751 1628 820 1726 2522 2734 1016 1876 1319 
650 1363 1292 2868 560 834 2656 
2563 1816 4 1990 1235 2852 715 566 1713 835 1568 2298 2631 222 2547 1897 793 2841 2936 1074 117 466 2119 1971 1370 1695 2731 2525 524 
650 836 173 
2782 580 837 616 1318 2019 1208 126 8 606 586 57 
650 838 2786 
69 406 1002 1381 2579 557 1476 874 663 1897 1724 1056 2014 2326 706 1259 839 86 2550 707 2661 137 305 
840 2507 
1373 841 
842 997 2691 2595 
650 2481 2734 1049 843 131 1412 1709 2621 747 
2886 844 453 2495 1077 625 108 1854 1956 565 1375 2332 
845 1833 
888 1681 473 1833 2435 693 1020 2076 387 2882 2099 1623 2779 1317 1913 137 846 
650 1620 1049 847 226 433 654 
848 2038 
1072 849 
293 1320 850 
215 851 2595 895 881 
632 852 1415 2829 2913 2633 2888 2675 56 
1685 969 346 1049 1298 853 2432 1195 173 819 1439 1758 112 
102 854 1118 1594 1739 
855 1886 133 901 335 
856 768 2198 2668 1212 448 
562 857 
858 1732 2797 
919 859 
141 860 
1475 861 
862 2352 2075 346 
863 2190 
1187 864 764 1242 1936 1282 2039 
1458 2366 2206 2163 2181 425 1978 2873 1955 973 2928 1622 2562 1712 137 220 865 
866 1897 1712 
1171 867 
2913 868 1299 1629 
869 1197 1143 
1307 870 
2191 2661 2258 1056 2850 1422 871 
1047 378 2694 2518 486 55 2168 227 2438 981 1110 137 872 1119 797 
538 873 2129 404 2157 586 2273 
839 874 1897 
1746 875 
2366 1278 1837 876 137 2850 664 
1982 932 877 1900 742 
1122 506 878 1348 1766 
2155 879 2245 1789 1012 93 
96 279 118 940 1058 880 2802 
215 851 2595 2036 1036 881 
1607 1728 1824 1358 2884 971 882 988 2593 
883 1835 1895 522 1526 1642 1989 1493 1266 515 2712 497 1903 
2645 983 1897 884 
885 992 1965 1747 1678 
1630 1062 886 2277 663 1665 
650 887 717 1048 2767 
888 846 
2913 889 2036 
1215 757 890 
328 1355 891 
362 892 198 
893 533 
894 2864 2247 
851 2595 2913 895 1343 215 
1682 1422 174 896 
897 1897 
2089 898 540 
1166 899 
2429 2257 900 1404 370 
2372 855 948 133 2127 901 1135 484 2593 
2749 1980 784 2098 1886 902 1183 
2340 2427 903 2852 989 133 1632 117 445 
904 2448 1897 643 2525 
1811 246 905 676 2506 
274 925 685 906 
2913 2937 659 907 489 
2109 908 2827 2115 545 663 
79 1425 1475 909 
346 382 910 1648 
1138 911 919 2374 
650 2613 2677 489 912 
913 971 
914 1536 
1422 1108 915 2437 
2350 916 1062 2104 2514 1422 
1010 375 515 1109 2769 2585 917 
2324 2108 2146 2807 937 1475 918 
7 2831 919 380 1333 1138 1057 1750 911 673 2556 1158 1336 2034 825 1505 2909 188 955 962 1588 1562 2756 2903 1982 2221 859 1117 2325 2562 2216 2550 1134 60 
2409 2292 920 672 789 
2547 921 1695 987 448 2887 
2575 922 
923 1897 
2917 135 924 2462 
925 2392 274 2561 2591 685 150 906 2329 
261 177 1100 2286 2260 10 2830 395 2884 948 1802 1668 2745 383 2186 1339 2533 113 1641 2841 811 2593 1130 2372 929 700 1902 1799 2935 926 2489 
221 927 2610 2017 
928 2277 2311 
2749 1684 1938 948 1802 2440 929 2127 2025 700 2593 2517 926 
61 2591 427 930 1127 2758 
931 2266 133 2247 
95 2903 2909 188 673 2401 932 2831 877 1063 1333 2399 1093 
2016 933 806 
934 1334 2165 
40 339 726 2053 1386 935 817 
71 936 2078 1885 212 1311 
2324 2146 79 2807 1475 937 918 
1630 938 
939 2605 
96 118 940 1264 880 
941 1274 2725 
942 2496 2889 1078 799 
2425 943 
944 1843 790 2797 1465 
1422 945 1056 
1760 946 1056 
2211 1410 97 1494 1586 41 947 1212 445 
1100 1674 2625 2098 1886 2453 2062 2025 2830 2250 395 169 1277 1515 948 1802 1668 999 383 1354 2186 2298 34 784 1684 1732 1938 2618 2127 901 2797 351 2582 1362 1747 1404 2071 2593 505 2372 2440 929 1902 349 2738 926 
650 949 
663 950 
2864 951 2102 1103 774 
418 1217 631 2180 2039 2376 1913 952 743 
953 217 
2515 1953 954 
919 1982 955 
1762 1784 2586 1986 731 2725 1759 2403 1998 2680 580 1515 208 1293 1135 283 544 992 2669 2279 189 617 1641 956 2740 2797 1747 1163 2914 2372 193 2708 802 
2914 2419 957 2675 1747 2839 
2909 958 1982 2401 2756 
959 128 
2236 960 1613 
1585 961 
160 2909 1187 1584 1967 919 962 705 1396 1206 2254 1091 
1194 963 
428 69 301 1113 2194 406 964 1639 2191 2760 1751 99 2661 2478 508 2120 1302 
1894 755 965 
702 1655 274 1176 49 2561 2591 966 
1849 2904 2525 967 
1165 1047 669 2518 968 2168 
1597 969 2496 853 173 1758 
1187 970 2852 80 2396 1713 2509 1206 
184 1358 2533 430 1754 2669 113 392 971 2072 913 193 882 1326 
972 1140 1377 
2690 656 1259 1506 360 973 865 
974 1897 
975 1030 2076 
517 575 127 2174 976 1068 2804 
1627 1980 977 1062 2671 1320 
2054 681 978 1942 1051 2011 
1175 979 2295 
1767 980 9 
1458 1047 2043 2345 2940 1571 716 2518 2168 761 981 2224 1110 2661 137 1308 1910 872 1119 84 
982 2591 
983 1897 884 
1703 1762 984 1116 2278 1194 2725 1759 2403 777 580 1952 1207 1892 115 2298 1227 2933 992 616 1847 2367 2914 1038 1912 180 193 437 
985 342 1062 
986 1140 
2547 921 987 
988 882 
2596 1503 1827 258 989 1813 1170 595 2448 1713 1568 774 1463 2298 2904 903 133 2249 466 2337 2624 2834 1182 1576 1632 2525 1794 2248 
650 2355 990 2675 743 
991 2036 
1762 984 1274 1242 1784 59 2770 1986 731 2725 2403 1518 885 419 580 2772 2606 1515 1279 80 705 2682 1994 2777 709 115 612 2538 2298 2839 2752 2068 2788 408 628 2349 2533 992 2669 2549 189 1268 1641 2067 617 956 802 2618 1018 2740 1516 1847 1479 1747 2145 2028 1637 2600 2035 712 1163 2914 529 122 2632 1584 62 1912 2731 636 502 2339 120 471 1799 437 1045 
2762 993 
1216 381 994 2545 1552 488 1404 
995 2249 
996 2544 1585 
650 2595 1472 842 997 1687 218 2700 
998 2266 1432 
2372 948 611 999 1501 2797 2186 2593 
626 1000 243 1300 13 1285 2552 
1166 1001 
2536 69 406 1002 474 1381 2575 2072 1617 1149 1740 227 839 2270 1998 662 1352 407 
1003 1908 2429 2699 2257 
1004 628 2841 
2448 1971 1073 1005 2685 715 2907 199 48 
1006 282 2675 663 1416 
1101 1007 633 1738 1656 
2235 122 386 2074 1008 2062 1499 760 
1009 2197 
1010 375 515 1109 2769 2585 917 
1404 1011 
2307 879 2905 686 135 1012 
1013 329 1562 2216 700 
1014 2422 2193 2159 
2864 133 2247 1015 
2899 1869 1426 1369 833 1016 820 2648 1726 
1017 498 546 
544 2286 2533 992 2669 113 2618 1018 709 1747 2798 712 
641 2760 1751 1019 
1317 1020 473 846 
1419 181 2238 1837 1430 1021 
95 160 1187 180 1022 705 2509 
1023 1897 
679 2132 1024 
2505 2300 1025 
1227 1680 1026 1759 1091 
2226 597 1027 435 
2883 644 2425 1028 1315 268 2920 1587 2763 2084 281 
1289 1029 
186 1611 2202 975 1030 2738 
2344 1031 2286 
1695 1032 2057 15 
1859 596 1033 
1034 789 1652 808 
2263 1035 
650 2449 2587 1036 881 
102 1594 1739 1037 2946 
1484 1848 1227 984 1245 590 1038 1551 
1422 663 1039 
2515 168 5 1095 1040 1660 
650 1286 313 1049 2684 1041 68 
1897 426 2599 1062 1042 1179 
1043 1845 2261 
650 1826 2466 1232 1044 
2307 1811 992 1818 211 1755 1045 
2307 1848 1046 1899 1320 811 2328 2489 
1214 2796 1047 2694 2043 2814 669 2940 2518 55 2168 1308 981 1110 968 1910 1757 872 394 
650 887 2717 1048 173 297 
650 1322 1309 2687 2675 2724 2481 382 1049 847 853 809 1760 1041 68 1286 1583 1205 843 1648 2726 346 
475 1050 
2054 1942 978 1051 2121 
542 1052 
194 1823 2717 2638 1053 754 
2177 1497 1054 
1583 1401 1788 1055 1439 
1458 946 603 288 144 555 1099 242 2183 2677 2073 2432 99 451 2394 53 114 2481 1663 557 827 296 2175 1639 2191 2276 478 2741 2358 1497 1709 1390 945 1113 2694 2428 871 2602 2721 2866 1981 1056 321 645 2553 2655 2850 1839 1269 716 706 641 713 839 227 2099 2224 553 2661 137 2277 1267 1770 1850 1331 1667 2152 
389 919 1301 1057 2254 
96 195 118 1058 2635 880 
562 1422 1059 
1823 396 2638 1060 1193 695 772 
219 1186 1061 2725 
985 768 426 2701 509 1872 342 1062 574 1925 1212 412 488 1383 1438 1861 2266 2196 483 1884 977 1442 916 521 1495 886 1568 1665 397 2055 352 780 2733 1297 2668 1424 1042 1951 578 744 191 2690 2310 1255 1603 1870 1488 542 41 2350 2566 1849 244 508 721 
151 2909 673 932 1063 705 2708 
173 1064 2459 
650 1310 1473 1065 
2307 1066 
1067 2328 
517 127 1068 976 
1069 1873 
2235 2286 1704 2344 1070 1802 
650 2595 1415 145 2616 32 356 2058 2445 1779 1071 1745 647 226 465 2847 2255 1877 176 2242 1338 2362 1486 2703 2623 
2320 1487 468 1072 849 1550 2120 
1073 1395 1005 2685 
2237 715 1713 1074 835 1159 300 
238 147 2583 2852 2775 566 1713 2649 1767 2746 9 1240 2486 2114 2063 793 260 2854 2529 1804 413 202 185 549 1075 
177 2696 2884 1076 2172 1802 1628 2328 303 
1889 844 453 1077 2631 458 
1982 942 372 2123 1880 2889 2102 1078 2783 799 
2460 1079 1422 
67 2712 1161 2704 1080 
730 1081 
384 1415 2913 139 2291 1082 2094 2675 1416 
1083 2026 2190 
1458 680 1381 1084 2661 2240 
2266 133 1085 
1086 1570 
1087 2167 2034 1561 2735 1465 742 
1316 2689 1088 
420 1089 2437 2245 135 
1090 1475 44 
2435 180 1967 2761 2076 962 2144 1384 1396 1026 469 1213 2323 1303 1435 1091 2799 2648 
1762 1927 2731 273 2022 694 324 1436 1206 1783 1092 1892 2853 2768 
188 932 2831 2399 2756 1093 
2006 1094 1360 2178 453 
2515 2176 5 2210 79 1740 133 1475 2249 1095 1040 663 
1096 1941 
1097 1962 763 
2361 2158 1098 2723 2945 
1099 1056 
1100 2533 2830 948 811 1668 2719 700 2860 613 2298 926 2489 
1101 1007 
189 617 161 2852 1102 793 182 1163 2228 2680 561 2631 2583 
1370 951 1103 2249 2397 
2448 2340 1271 2023 2525 1104 
2230 1105 
1848 1106 830 
2386 1805 1107 760 
650 420 174 1682 1108 915 
1010 375 1109 2769 917 
1214 69 1458 2043 2438 1757 53 872 1302 1047 394 669 2182 2940 1571 2518 84 378 2694 1308 1910 486 55 2168 227 761 2224 981 1110 797 
1227 2539 1111 1952 2418 
2669 616 1534 2365 2891 1112 154 1701 1747 
1113 964 1639 2661 2258 1056 2850 
2398 2929 1229 1114 2309 
1115 1205 1401 1497 
1198 1848 1227 1762 984 1245 1116 1484 1427 1194 1551 2412 
1135 2372 919 1117 
102 2690 1506 854 1118 1594 1739 1712 1424 
1458 1619 394 2940 716 2518 84 1308 981 2224 1497 2661 137 2383 1267 872 1119 797 
1120 2778 
21 1121 1334 
1766 2321 1122 506 878 1348 638 
1302 1123 2258 2661 
428 750 2595 2944 433 1687 145 1447 489 340 2793 2370 2931 2334 2937 503 2333 2636 3 2611 73 2700 1124 2291 2004 
650 1125 754 
711 1395 1126 1563 
61 1997 427 930 1127 2758 
2307 1128 
1129 2620 
1339 628 1152 2533 2071 2884 1130 2161 189 617 80 926 
2933 580 1274 1167 279 1131 1891 437 1595 
650 1132 1760 53 1626 
1671 341 1897 54 2866 2671 2169 2605 606 2812 1320 1133 2052 1741 
919 1134 1897 
544 1674 956 683 1277 1461 2270 2160 1117 901 1135 1477 
79 2335 1475 1136 
2090 1137 2191 2661 
911 2858 919 2809 2374 1138 1295 2254 
650 2913 433 2291 2036 1139 
1145 1696 453 1510 687 2124 2499 2024 1737 1140 431 2469 986 1580 1988 1631 625 972 1995 2236 598 1565 
1141 2568 
828 2832 1178 210 1934 1142 
869 1143 216 
1144 2802 
1145 1546 1391 2495 625 1140 1375 
2886 1146 1695 2631 
1147 437 2278 
1897 1168 2470 1422 1148 
1002 474 1149 
2574 1150 2246 653 2110 
2060 2801 354 1151 
2307 1227 628 2071 1130 2884 189 617 2731 2841 10 1628 630 2680 1346 1152 314 
1153 789 
2564 1154 
69 1155 680 406 1639 1322 706 704 2224 1531 2661 137 2073 
1458 658 2123 137 1156 
1157 678 
1336 919 1158 
2612 1159 1074 
1637 1227 2600 1160 
650 2868 1954 543 213 1161 2704 1080 
1848 1162 
122 580 2487 992 2824 956 2731 617 143 1102 359 2725 1747 2680 1163 
1164 308 
1214 1458 1165 2815 703 1617 1686 2714 2442 1564 1302 1597 2320 1234 682 2330 2683 477 669 2377 2191 2276 307 1866 1497 752 2572 2107 581 2885 1534 2303 236 2838 968 553 2661 137 2850 411 
1347 1166 2600 1993 596 267 1590 230 1529 1001 142 414 1264 899 2118 1676 
1131 1167 
1168 1148 
362 1169 496 1829 1901 
2834 2596 1503 1619 989 1813 1170 1463 466 2248 
1171 304 867 
1172 2131 2608 2014 1876 820 
1173 2584 
650 1174 
1175 979 
2642 1848 2660 1176 49 966 1399 156 1778 471 2262 725 2600 2862 2222 252 
1177 607 
2111 1535 1926 1178 1142 
1962 637 2599 1042 1179 
650 1180 
496 1181 6 
1503 1827 989 1813 1182 1576 1 1794 466 2406 
2749 784 1674 1886 783 902 2608 2426 1183 2298 
2105 1184 435 2226 634 2130 
2436 1185 2286 2725 
2307 1186 1061 2725 
160 2788 1187 970 1584 864 764 1022 962 2039 705 1336 2509 
494 1236 1919 109 1188 130 218 
1359 584 338 1613 1189 
2307 616 2586 348 1190 
1191 1458 1364 2285 
1917 1832 1192 262 1218 2751 374 
650 1193 738 1060 
1848 984 1116 1194 1499 1383 1967 684 156 963 1293 725 1332 2862 2298 279 1399 2363 1551 159 2642 1291 1819 437 
853 2684 1195 
1196 663 
869 1197 311 
1198 1848 2642 1116 2462 1274 70 1511 2875 1399 2862 2657 725 1455 1332 2840 1947 1499 
1597 696 428 264 1960 641 2760 1751 2661 1199 2850 
2755 677 1713 1200 1910 137 1757 411 
1201 790 
650 1202 2675 
1494 493 401 1630 133 1203 
421 1204 
650 1049 1115 1205 1401 1253 620 
970 962 2509 1206 1092 
1848 1227 984 1245 1207 1278 156 2777 
1950 837 2502 605 1208 2354 2157 
1985 1209 609 229 
1422 1210 2080 2190 
1928 1574 1211 
856 768 2198 1271 1695 1062 947 1212 
616 1213 2008 2514 171 2400 1091 2802 
1214 1234 1458 1165 2097 1047 1110 
1215 2845 2415 890 
1216 381 2322 994 1654 1276 
2729 1217 2600 1443 2180 2824 1318 952 
1875 556 170 1832 1192 1218 2676 1319 
170 2067 330 1219 2928 
2551 2392 2246 2110 1220 
1597 1221 1837 1686 2442 1701 
1222 1688 
681 1223 
1224 789 211 2725 2436 
582 2272 1225 
1226 2801 88 
1484 1848 1703 984 1245 1116 1111 1886 1986 1499 2695 777 2606 1207 156 153 1026 469 1160 1332 725 2862 831 1947 1152 1227 1339 2539 2533 279 1399 771 29 1941 1786 2914 666 122 2642 1038 386 1912 1511 1278 23 1799 437 
1228 760 
2929 1229 1114 2094 
1230 761 797 
1231 747 1578 1991 
650 194 1992 2638 1826 2466 2876 1232 225 1768 2587 1044 2715 
1233 2664 390 2930 2583 
1214 1234 1165 1550 
1813 466 835 1235 
1236 1520 1188 2675 2700 
650 2007 1237 1789 2251 130 2675 1502 
1420 1325 1985 1814 563 1238 310 
2220 1239 
2932 793 1970 2649 1767 549 1240 2114 147 1075 2583 
1241 237 496 6 
95 301 2206 864 992 1242 2039 1336 2760 833 1751 
2533 1243 
717 1244 
1484 1848 1227 1245 1116 1038 1207 1278 1727 1551 1847 1383 
2716 97 45 1246 
650 1247 
606 1248 
1556 1633 568 2843 523 1249 
1250 1269 2661 2014 53 
180 1251 573 
1704 1252 1800 
650 1205 1615 1497 2661 1253 53 620 
241 1254 
1255 559 342 1062 
1256 1812 135 2917 1941 1513 
2364 1985 1281 1257 229 495 443 
1964 2154 1258 
2628 2366 1897 1259 973 193 839 2928 2393 2562 
107 2287 438 1692 1260 
1985 1261 2317 
826 590 2820 2422 1262 
1263 1348 638 
1347 1166 96 118 940 1590 212 230 2543 1264 437 
2121 1265 
1897 62 883 1895 1526 1266 515 
1269 2224 1056 2661 1267 1119 
1799 1350 2852 80 18 469 2712 2187 628 2349 2462 992 2533 113 2161 1268 1641 712 2772 1346 524 
1458 114 2428 269 2175 1250 1269 614 716 713 1056 2661 137 1709 1267 1840 1887 
1270 2046 
2448 2340 368 1271 2023 1713 2780 1813 1212 2525 1104 
1272 2850 2661 
2266 1695 1464 100 1329 2471 1320 397 1273 
1198 1274 2455 2295 1131 2403 70 52 2712 613 95 2549 2381 992 616 2519 1684 941 135 676 1526 729 811 2618 1879 2936 2096 263 2917 1891 2365 
1275 2013 2521 
1216 1276 2514 
1277 728 1461 948 2797 1362 1135 
1484 666 1227 2366 1245 2755 27 2278 2238 1207 1969 2223 386 1278 876 193 2393 789 1943 
1279 992 
650 738 2913 2675 1280 
1257 1281 
764 1282 2039 864 
1283 2817 
2798 818 1444 1284 
1913 1285 626 1000 
650 2914 1286 313 1049 2036 809 1041 
1287 2298 
650 1288 
688 2448 1289 2750 1813 1463 1029 
1290 297 2290 2459 1758 
1704 1194 1291 
650 1292 2868 560 834 2656 
473 1194 956 1293 314 
2237 2307 2600 1294 1805 348 1628 2798 
1138 1295 2809 2374 
1597 2330 144 1405 680 1497 581 1296 
2718 1297 1062 
853 2290 1298 1648 
650 1299 1401 868 2675 2227 
1300 1000 
389 2254 1301 1057 773 
2090 1458 1165 797 2043 2438 2258 220 451 1550 1302 2033 2191 307 689 1497 2694 2873 1418 1308 1123 964 2303 486 2168 1110 553 2661 2313 664 305 
2435 320 1967 684 1396 2543 1303 1091 2799 
489 1304 
575 1305 2804 
2238 1306 
1307 870 
378 1047 2694 1302 2940 2518 486 55 2168 761 2438 981 1110 1308 137 1910 1119 797 
650 2155 1682 1049 1309 1760 
650 1310 1473 1065 
71 936 2078 537 2140 212 1602 2732 2032 1311 
1312 2247 
358 2215 210 2599 593 2402 724 586 2273 1505 1313 
558 1428 1314 
1734 1315 1028 2748 
1316 2689 1088 1462 2179 1780 2288 
473 1020 1317 1646 1706 2222 846 
2676 2729 556 837 1217 170 1832 2629 374 1318 2384 1319 
821 2420 143 2586 374 1318 833 1218 1319 820 1726 
2886 43 2051 1046 850 977 2189 2109 1695 2566 1540 1273 2812 1320 2337 1133 2737 805 
2279 1388 1321 2264 1662 2837 1900 101 
650 1155 680 1049 1322 2224 2661 2073 
193 1323 
1324 2802 
1979 1238 563 1325 
283 246 430 1674 2205 1886 971 2319 91 2104 1712 1326 1909 
226 2050 2727 2869 1547 1327 
1982 188 673 2372 1328 1423 2034 173 101 
222 1897 22 2652 1695 1329 2087 2458 1273 
1873 1330 2843 523 2028 
650 1597 1762 2584 2720 70 1056 2661 2856 53 2906 1331 437 394 
1198 1227 1194 2076 1332 1499 2447 
2858 673 932 2831 919 1333 2254 
1765 1334 2688 2855 2171 1121 2336 934 
1825 1335 
284 1651 1187 1917 1242 2688 919 1158 1713 1336 1994 833 2509 2751 389 2254 1518 
2295 1337 729 
650 356 2595 1415 1071 226 2291 2650 2036 423 1338 
1484 2487 1608 1515 2745 383 2298 314 2307 1227 1339 628 2533 189 2841 1747 1130 1821 1902 2772 1346 926 
826 778 2422 251 2627 1340 
83 1464 1341 133 2471 2458 
1342 1540 1941 357 497 
2595 1343 895 215 
1707 42 2531 1344 
2520 2942 1345 2272 
1339 628 2573 113 2731 1268 617 2841 2852 566 1713 1568 18 2680 1346 2722 1152 314 
1347 1264 1166 
1263 1766 2321 1122 506 878 1348 638 1408 
1349 2452 
628 1350 1268 617 2841 1526 
2713 70 322 1351 
1002 474 1381 2575 2072 1740 1352 
1353 1878 2666 
1526 948 1354 1385 2593 
328 116 1355 891 
331 1356 
2372 2889 2797 1499 1357 
1358 971 882 2631 2328 2593 
2275 1961 1359 343 2236 1189 
2006 1094 1360 2674 1365 453 2178 2357 
1361 2661 
2505 2630 1277 728 1461 1938 948 2797 1362 2517 
650 1363 2868 834 2656 
1191 1458 1364 2285 
1360 2674 1365 2178 453 
373 1366 
1367 575 
774 1368 1462 
2055 1426 1369 359 1016 820 2648 
1370 1713 1103 2397 2797 835 
1371 1673 
650 2859 717 346 2684 1372 1863 
289 1373 841 1613 
616 70 1374 
1145 844 1852 1391 2495 625 1375 
1376 717 
972 1377 
2564 1378 1550 
650 1379 
2563 1380 810 2631 
2815 233 2579 1897 296 1002 1381 2072 1084 2444 839 1497 1998 137 1352 305 
1382 596 
1245 1731 1194 2791 342 1062 193 2252 2173 1422 1383 1509 
616 1384 324 2514 1091 2802 
34 1562 350 108 1354 1385 646 
1643 726 2053 427 1386 935 817 1437 
1387 84 
1982 2573 2279 2612 1388 1321 2892 699 
711 1389 2631 458 
1458 716 1418 2224 1056 2661 137 1390 305 
1145 1546 1696 453 1391 2124 625 2925 2499 1737 1375 
2564 490 1392 793 
2588 1393 2297 1548 2725 
1394 2850 2191 2661 
1395 1563 1073 1126 1 
180 2076 962 1396 1819 1303 1435 1091 2799 2648 
1397 2913 472 755 1894 2291 
1398 782 
1198 2307 1227 1848 1194 1176 2076 1399 
1400 389 
1299 1205 1115 1401 1497 2550 1055 1416 
650 2651 2094 1402 
1526 1403 
2914 1841 2235 994 628 1786 1011 948 900 2429 1744 2257 2514 1554 1876 1404 1963 370 1726 
2330 144 1405 680 2548 1559 64 2741 137 1296 
1406 2797 
1407 2439 1897 
1408 1348 
1903 1409 2769 62 
416 1410 31 1494 41 947 
2802 1411 
650 2584 658 843 1 2661 1412 1709 175 
1413 1749 2558 
453 1414 1733 
650 1415 2829 2633 423 2675 2727 2869 391 32 2058 852 758 472 1894 1082 377 2304 632 1071 139 226 2291 2650 2913 2847 787 1338 2362 2021 
650 1006 1082 1401 1416 
1417 88 
680 1418 2661 1390 1302 
2764 2667 2097 1419 181 155 1021 2661 
1985 2364 1238 1420 
1785 1822 1421 2467 
1512 420 1210 1059 555 1872 2380 1567 2441 1039 2095 2234 1422 1383 2066 2190 2091 1825 795 259 915 105 2080 2427 285 516 827 1450 675 916 1719 801 2195 2723 1694 746 124 478 2109 896 945 690 2081 2007 628 2602 1470 1940 75 2361 1958 321 2514 2465 1946 1927 1148 1480 1726 1079 1905 381 822 2350 83 2408 2183 2562 562 780 871 
1423 1328 1465 
1062 79 1475 1118 1594 1739 1572 1424 484 
79 1425 909 
804 1426 1704 143 1369 2892 1978 359 833 2562 2014 1016 
1427 1116 2094 
558 1428 1314 1897 
1695 1429 
181 205 1430 1021 2661 
650 353 2675 1431 
2266 1432 998 1586 2566 513 
1433 1859 1680 1703 
79 1434 1475 2108 
2435 1967 684 1973 1396 2543 2323 1435 1091 2799 
1762 279 1927 2731 80 694 324 2618 1436 133 1783 1092 1892 2853 280 437 
427 2246 1386 817 1437 
2256 2421 1062 1438 2150 
1055 1439 2687 853 
2913 1440 
1441 2654 
1442 1062 
1443 1217 
818 2744 729 1444 1284 
1445 2374 
1446 2343 501 2390 
2913 1447 1124 2793 
2701 1448 
1724 1449 
1450 1422 1630 
1698 1451 
2307 1452 
2407 1453 1695 
1454 2447 743 
1198 2366 2462 2076 2657 1455 
1456 200 
1457 2226 
1214 1458 1165 603 2755 144 2815 288 2197 2434 703 1084 2714 2438 315 305 220 451 1191 53 865 1564 1302 2457 2232 682 519 2330 2097 2579 477 2182 1571 1639 2518 2276 425 307 2358 1497 2498 1390 1156 2298 2265 2796 2667 1364 2428 2720 1467 1981 1056 2572 1666 2628 2289 1839 152 1544 1269 155 716 706 2303 2838 2411 227 981 2224 2562 2661 137 2383 2850 1110 664 508 1119 797 
1459 2841 769 2676 84 
2427 2345 1460 1722 641 2239 1475 2184 1864 2052 
544 361 1907 1277 728 1461 474 2028 1938 2798 2280 1362 1135 2492 
1316 1368 1462 2179 1780 
1289 1619 989 1813 1170 1849 1463 466 2248 
316 2266 2189 1464 1341 351 2471 2737 43 2087 2458 1273 
1087 1465 1423 944 
1763 1466 1941 
1458 181 1467 1837 2661 
1688 1743 2904 1468 467 
1469 1818 1755 58 
174 516 1470 496 1422 497 
2884 113 630 2426 1628 34 1471 
650 2913 2568 503 2944 1769 1472 997 1618 2703 
1473 1310 2094 2079 1065 
2456 358 136 2111 1474 
2527 2324 2335 2681 1836 2234 2427 1922 1460 79 1475 1572 1095 1136 909 2151 1506 1090 393 1424 2835 245 861 1984 2199 2042 600 2176 250 2833 2146 2807 937 918 691 749 1490 1434 2467 
2326 1476 236 839 227 553 
544 683 1135 1477 
1478 1636 
49 628 1479 992 
795 1897 1924 1480 2199 410 1968 1422 663 2190 
1481 1647 
1654 1496 1482 2012 
2563 238 1483 
1484 666 1227 1339 1245 1116 1688 386 122 1038 1912 2841 1278 480 1892 1759 
2163 1485 
1071 1486 1877 
1487 468 1072 1550 2120 
1488 1603 1594 1062 
1489 423 
79 1490 1475 
2867 1491 
1952 57 1492 1941 
1897 883 1895 1493 2712 
2211 1410 97 31 1494 1586 41 2566 2503 947 1203 710 1505 
45 2308 2350 1495 1062 
1654 1496 1482 2012 
650 1458 1165 1253 2073 1381 1686 2038 2442 53 1550 1302 1597 2454 682 2320 2330 2579 2182 2191 1115 2276 658 1497 1054 2666 181 1559 1056 1296 2303 236 706 1837 1960 2780 227 2224 1401 2661 137 2383 2850 1991 664 411 1119 305 
1498 2668 
1198 1227 386 2884 1194 1008 1802 811 1499 1332 1357 2738 2447 
1671 1500 2605 
2453 16 611 999 208 1501 2797 389 
1237 1502 
624 2448 1503 2106 2810 2836 793 989 1170 1182 1576 1632 1 1794 2298 2406 
650 2895 1504 727 2309 
1982 1897 1494 919 2215 1505 2797 2125 101 389 2254 800 825 1313 
2690 1506 79 973 1475 1118 1594 1739 216 1712 
1655 49 2561 427 1507 
650 1508 754 
1383 1509 
2024 1140 1510 
1198 1227 1674 1511 1886 2076 
1512 1422 
1256 2462 1812 135 2917 1941 1513 
1514 2552 1930 2911 
2857 122 1339 992 113 2161 617 956 2841 1515 948 1802 2593 
2549 992 1516 216 2145 1638 760 
2692 1517 
992 1336 1994 833 1518 
2119 759 458 2631 1519 
1236 2170 2700 1520 
650 1521 2874 785 2675 2185 76 
2900 1522 
2139 608 1523 2359 
1524 1755 
650 1525 133 
1274 1350 242 416 823 580 1403 2504 883 70 52 1354 2712 613 2533 2462 2342 2451 2761 1526 2520 1921 1266 
2527 85 1527 
428 301 2194 2816 706 1528 641 2760 1751 2541 
1166 1529 
1530 2661 1544 137 1699 
1583 1155 1531 
137 1532 
826 590 1533 
1165 2330 1710 2377 1534 1837 1112 227 2572 2457 
1535 1926 1178 
914 1536 
650 1537 
1538 2793 2595 
1825 1539 
517 1342 1540 293 586 1320 
1541 15 
1834 2617 2249 1542 1645 2887 2881 2747 
514 628 2488 2824 1543 779 2082 665 2179 523 2374 2384 547 2028 
1458 181 1530 1960 2444 1653 227 2099 1544 137 2383 2850 
2199 1545 2750 
1145 1546 1391 625 1569 
489 2036 1547 340 1327 
2588 2292 1393 2297 211 1548 2472 
1549 2250 
69 2815 1378 406 99 1550 2120 1302 2320 1234 301 1487 1497 2298 2107 2138 236 1072 2411 227 411 
159 777 1245 1116 1038 1194 2558 1551 
994 1585 1552 2545 
1553 2471 371 2087 2458 
1404 1630 1554 46 
650 133 1555 
1556 1249 
650 400 1557 
650 1558 
1597 1405 1559 1497 2661 
1560 1698 2083 
2903 2909 2858 1087 454 2264 1900 1561 2735 
95 2694 2331 477 1013 919 1666 2852 10 455 1562 350 618 2093 1385 34 
624 1395 1563 2852 1713 1126 1 
1458 1165 603 2755 1564 
2547 1600 1897 1695 2617 2249 1140 2887 1953 1565 
341 2345 1619 2148 2605 1566 586 
1567 1422 1585 
1346 1695 2852 453 2396 1062 989 1713 2249 835 1568 466 2722 699 
1546 1631 1569 807 
1086 1570 
69 1458 2628 406 1571 2181 425 981 2224 1110 2661 2073 
2001 2681 1475 1572 1424 379 
293 1573 
1574 1211 
650 334 1575 
2573 1503 1827 2023 989 1610 1182 1576 595 1 466 2722 2406 
2895 2133 1577 
1231 1578 
2355 2584 1929 1579 552 654 1582 2281 
2357 1580 1140 2154 
715 480 1581 
2584 2586 1579 552 2765 1582 
1583 1049 2352 714 1531 1055 
2788 2909 1187 1584 992 962 1994 
10 2113 2181 1567 2410 2528 1585 961 1552 996 2298 
1494 1586 1432 947 
1587 1028 2748 
919 1588 2039 
650 1589 2459 743 
1590 1264 1166 230 
133 1591 
1592 312 
1593 2385 2195 
2001 1712 1037 379 521 854 1118 1594 1739 2946 1506 1424 2128 66 245 102 191 2690 1488 619 2508 691 
1131 2933 437 1595 
2108 1596 1829 1904 
264 1165 144 680 2065 2432 2240 1597 2330 969 2741 1497 1199 2666 2720 1559 64 581 1296 1221 2877 2780 1331 
679 333 2707 1598 
2066 1599 
138 166 589 813 2570 1600 1565 
2525 1601 2249 
1602 1311 
1488 1603 2508 1062 2190 
1604 44 
105 1897 2239 1605 2199 
2860 1606 2295 
1607 882 1897 
122 1339 2349 113 2161 1608 
1609 619 379 
2573 273 161 1713 199 1610 1910 1576 1645 2525 2722 
1030 1611 
1612 1897 
960 1189 87 584 1373 625 338 1613 2499 1737 1851 2463 2236 598 2469 
107 2318 2287 438 1614 
2856 2584 2360 2863 450 1615 2177 1253 53 620 2675 2284 
2369 181 214 1616 
1165 1002 2303 1617 689 407 2621 
1472 1618 
69 341 1619 2518 1170 2395 2671 1566 2424 1463 1119 
1620 847 
2318 2287 438 1621 
663 865 1622 
61 684 685 2591 427 1623 2758 2840 2110 2222 846 
2597 1624 
679 333 565 1625 
650 1132 1760 53 1626 
1627 977 
1848 177 2235 136 1076 2074 70 2172 729 2295 630 833 1294 2426 1628 613 1152 1471 
2913 2477 2227 2036 868 2675 1629 
1450 493 1630 401 886 2464 461 2503 1554 1203 2209 663 938 
1957 1631 625 1569 1140 
2340 2596 1503 2490 2904 903 258 1713 989 1813 133 2249 1632 466 
547 1249 1633 523 
484 1634 1897 
2773 496 1635 6 
2279 1636 1478 
992 2506 709 1160 1637 
2579 616 59 2191 2145 1516 407 2850 1638 
1458 1155 603 1113 2796 964 1639 2873 2780 364 2661 99 553 1056 137 
1640 1806 
2533 992 956 802 1268 1641 2745 115 1747 2028 926 712 
1897 883 1895 2712 1642 
1643 1386 2574 2053 
2824 1644 197 
2448 1610 2249 1542 1645 2887 
2191 2099 1317 2661 1646 2850 
1481 1647 
650 346 1049 1298 1648 1760 910 
2515 1649 2127 
1650 546 
284 2364 1917 2446 1985 327 1336 2787 495 1651 
1034 789 1652 
1653 2850 1544 
1216 2012 1654 133 1482 1496 710 
2369 702 1655 966 2413 1914 1507 
1007 633 564 2299 1656 
2802 1657 
1848 2802 1658 
2274 270 2249 1659 
2448 133 2249 1040 1953 1660 
2729 1661 2488 
1662 1321 
2263 1663 2584 309 1056 1709 164 747 
1824 2884 2935 2298 1664 
1062 886 668 2277 1665 
2090 1458 603 2694 477 1562 2661 1666 
1667 1056 
1888 177 926 1100 113 2372 948 1802 1668 2738 2593 2489 
2130 1669 597 435 
500 1670 
1671 1500 2233 2516 1133 
68 1672 
1371 2526 1673 
1899 1674 2372 1511 1183 948 1802 1135 133 2797 1326 484 2738 
2182 1675 
279 1166 1676 
1684 1677 
885 1965 1678 
2388 1679 2612 70 2181 833 2600 820 
1703 2669 1433 1680 1026 
1681 2076 473 846 
1309 1682 1108 896 
2279 129 2264 1683 1817 722 
1982 1274 1684 70 2372 948 1802 929 2708 1677 2254 510 
853 1685 2613 
1221 2320 1165 2511 1689 2313 1837 1686 2928 1497 2661 2850 701 
2679 632 2913 1124 2432 997 173 1687 489 
1484 627 551 1688 235 1743 2904 2942 1959 1880 1468 23 467 1222 
1686 2147 1689 2661 
1975 1690 2278 
650 1691 
107 2287 438 1692 1260 
1813 466 2249 1693 
1422 663 1694 
2886 2293 149 768 1032 2816 2241 509 474 2578 1925 1212 1146 2407 2881 921 679 566 1713 835 1568 371 2298 2887 1273 222 2547 2068 1453 2592 2363 2668 2590 165 1320 820 466 98 1834 26 1695 1429 641 1329 1876 1565 
1391 1140 1696 
645 1697 282 
1560 1698 1451 
2223 1530 2657 2928 1699 
2312 1700 2224 1701 2457 
1221 1700 1837 566 1112 227 2168 761 2550 1701 2850 797 
1702 819 2613 
1703 1227 984 1433 1680 
650 2235 1252 2286 2696 1426 1704 2344 1070 2157 1291 
599 1705 2811 
1706 1317 
2006 1707 42 2601 1344 
2084 1708 2569 
650 487 2481 1663 2584 309 2200 2734 1269 843 131 1056 2661 1412 1709 645 175 2459 2281 747 
1710 2377 1534 2836 199 2572 
650 1983 2584 2776 2360 2621 1711 
1506 1118 1594 1712 866 1326 484 865 
2573 1563 656 759 989 2680 1816 2583 2772 2132 161 2852 80 2396 1713 1336 1200 1610 2486 566 835 1568 2328 2298 2631 458 2926 189 793 677 359 1074 581 970 1271 1370 1695 753 1632 2525 1346 2722 1075 524 
1714 2802 
650 1715 137 585 
2909 1716 
1717 62 416 502 2339 
1718 265 
1719 1422 
1720 807 248 
650 1721 30 139 423 
1460 1722 2427 
1723 2554 570 
1724 839 2941 1449 
650 1725 
1404 2235 628 1786 833 2429 2257 1805 1016 1876 1319 1422 820 1726 
1727 1245 
1728 882 
2816 663 1729 1897 
1730 1897 
1731 2791 1383 
1732 2123 811 948 858 2797 349 510 2517 
253 1414 2678 1733 2124 
1734 2011 1315 2748 
178 1735 
659 2721 1736 2672 
1391 2247 1613 2570 1737 1140 2236 
1738 1007 
2001 619 1506 854 1118 1594 1739 1037 1424 2946 
2536 5 2519 2348 656 1002 161 1740 133 1352 2523 1998 740 1095 
1133 1897 1741 
1742 2586 
551 1688 1743 2904 1959 1468 
2430 1897 2613 1789 2540 1744 293 1404 
650 2559 32 1071 1745 647 1779 
1746 875 262 782 
650 1762 1811 2725 2403 535 885 1945 580 957 2206 2884 948 613 314 1339 628 2533 992 2669 113 616 617 1641 2841 956 1112 1018 2797 1747 712 1163 2372 2798 
2238 378 1748 1998 
1413 113 1749 2839 
919 1750 
428 301 2194 1242 964 236 706 1528 641 1751 1019 2661 1199 
2119 240 453 1752 2631 458 
659 496 1753 
971 1754 
1469 1524 58 1755 1045 
388 1756 
1047 2043 669 236 2168 1200 2224 1110 1757 411 
1290 969 641 853 2290 2459 1758 
1484 261 984 1824 1912 956 189 2841 1026 1759 2403 437 
946 750 1049 33 2684 1309 1648 2675 1760 1132 1626 
1782 1761 
1762 984 1116 2076 2449 2403 2777 1092 115 2549 784 992 956 189 802 2067 1436 29 1847 1747 2035 2632 529 122 2798 1331 437 
1763 1466 1941 
2913 1764 2334 
2312 2729 1765 1334 594 2855 2336 
1766 2321 1122 506 878 1348 638 
2063 2649 238 1767 980 9 1240 2114 1075 2583 
2913 1232 1768 2675 344 
1472 1769 
2394 2277 1770 1056 
2119 1771 
650 494 2783 1772 
2586 1773 
1774 2187 
2525 445 2013 1775 
375 2585 2504 1776 
1777 1933 
1176 306 2018 1778 2709 1803 1914 1930 
622 1071 1745 1779 647 423 
1316 2711 1869 2197 2689 228 833 665 2562 2179 1462 1780 220 2738 2288 
1781 212 2802 
1761 2913 2255 1782 2793 
2119 1927 2022 694 324 1436 753 1783 1092 1892 2064 2853 2768 
587 992 956 1784 1853 731 
1785 1922 2728 1421 2002 2467 
650 1848 1227 2914 342 2429 2257 2014 1404 1786 370 1726 
2042 79 2108 1787 
1055 733 2687 1788 
650 2762 879 1237 2613 542 1789 659 2684 1744 2094 488 489 340 2251 
95 665 1790 
1791 2272 
812 1792 2620 
133 1793 
1503 715 989 199 1182 1794 
650 1795 
2442 363 1796 2661 
1 389 1797 2120 
108 1798 
95 1227 628 2533 992 1268 2757 1799 2298 926 
1252 1800 
588 1801 1920 319 
177 2749 1076 1674 2260 1886 2062 1499 2830 2719 1515 948 1802 1668 383 2186 2641 2298 283 544 2381 1684 1938 1070 91 2127 2582 2593 2571 2372 290 2440 929 700 275 926 
409 685 306 2018 1778 2543 1803 2323 
2854 1804 549 9 1075 
135 1107 1294 1805 1726 
1640 1806 
1807 679 333 
1808 2191 2523 2258 2661 
2422 251 2627 46 1809 2663 
650 575 1810 2705 30 257 130 2804 
1811 905 2725 1747 612 1045 
1256 1812 135 1941 1513 
2448 1289 1235 2596 1271 2023 2728 793 989 1813 1170 1693 1182 1632 1463 466 2624 
82 1814 563 2922 1238 
2918 1815 2708 
1713 1816 166 835 
160 2909 1982 1881 1683 2034 1817 1900 2164 2756 101 722 2254 742 
1469 1818 58 1045 
1396 1194 1967 1819 
1820 2473 2583 
1339 2884 113 1821 133 
1822 1922 2690 2728 1421 
194 1823 2717 2638 1060 1053 602 2306 
1824 2884 2571 2104 1664 882 1759 2738 2593 
1825 1539 1335 1946 1422 
650 1232 1044 1826 
1827 989 2249 1182 1576 595 1 
1828 1928 85 
1596 1169 1829 
650 1830 2677 645 
1831 2415 
1875 556 1832 1192 1318 1218 2676 
452 845 1833 846 
1834 2448 1695 2249 1542 2887 
1897 883 1835 1895 2712 
1836 1864 1475 2052 
2815 2755 242 1686 2714 2442 1021 2147 2330 2313 1497 2621 181 1467 876 2661 2851 1221 1534 2303 1837 411 1701 2850 664 1863 797 
650 1838 
1458 114 701 2755 181 1839 1960 1056 2661 53 664 2120 797 
1269 2191 1960 2661 1840 2850 
1841 1404 2429 2257 
650 1842 
1843 944 
1844 2076 496 
702 2217 1043 1845 2261 
1846 2732 
1762 984 1245 992 452 1847 2367 2802 
1198 1848 1245 1116 1658 1194 1106 2695 777 1176 1207 156 1162 2777 725 2862 2307 1227 1046 231 1399 1628 1786 2642 1038 437 
1062 967 734 163 1849 1463 
601 1850 1056 
1851 2463 584 1613 
1852 1375 625 
447 1784 1853 2606 
844 1854 
250 2108 79 1855 2042 
2781 704 1856 2224 
650 1857 
1858 2063 
1033 324 1859 1433 2861 2802 
688 1860 
1861 578 1062 
1862 2267 74 
750 1837 2650 2050 2850 2021 1863 2623 1372 
2184 1836 1864 1460 
2826 1865 
1866 1165 793 
1867 624 1 2106 
2357 657 1868 453 
1780 1016 1869 
1870 342 1062 
1871 1897 
1872 1927 1422 1062 
1873 1330 568 1069 523 
1874 1883 532 
2782 1875 2539 556 1832 1218 1941 2384 2935 
352 1172 1695 833 2608 167 1876 1404 820 1726 
32 356 2445 2595 2913 1071 2847 2255 1877 176 2242 1486 2616 
1353 1878 473 
676 2935 1879 1274 
538 1982 1688 1897 2904 2496 2123 1880 2102 1078 774 2254 34 
1881 129 1817 2756 722 742 
1882 1896 
1874 1883 
1884 342 1062 
1885 936 726 817 
1227 1899 258 2372 83 1511 1183 855 948 1802 902 2391 133 1886 335 2712 1326 484 2738 
1269 2661 2014 53 1887 
1888 2386 2519 2884 2451 1668 700 2830 2935 2626 2298 
1889 2119 453 1077 278 2631 458 
1956 1897 1890 
1274 279 1131 154 1891 2802 
1484 149 984 386 2022 694 324 1436 193 1783 1092 1892 280 2064 2853 2328 2768 2738 
2307 1893 
1397 791 1415 2913 1894 755 2291 965 145 
1897 62 883 1835 1895 502 1642 1493 1266 515 1903 
1882 1896 
2340 2385 1977 342 1890 461 4 874 478 2808 1133 1897 464 1042 1148 1480 1259 839 167 1134 1565 688 1607 983 2652 2378 866 366 2784 1612 2644 1634 974 2117 396 2192 1729 1741 1730 2181 1329 1744 8 293 897 1407 2852 2919 648 205 1428 65 1493 1835 2514 2002 117 98 1905 2077 62 2350 1895 502 2339 2888 1266 1903 515 220 1642 1381 1023 285 801 2319 923 835 2605 1605 1505 1871 2533 2113 2866 1880 884 1937 760 904 2750 134 375 1991 2525 497 
1898 2205 
1046 1899 1674 1886 2738 
877 705 2034 160 2788 2909 2279 129 2167 1817 1900 2756 101 2254 799 742 2903 1982 1321 1561 2735 
1169 1901 
926 1339 628 80 948 1902 2593 
1897 62 883 1895 375 2524 515 1409 1903 
1596 1904 
259 1905 2080 1897 1422 
356 2829 2913 465 472 2050 2650 1906 2021 
1907 231 1461 
1003 1908 2429 2825 2699 2257 1963 
580 2072 2935 1326 1909 2738 
69 1047 677 55 2168 227 761 2224 981 1110 137 1308 1200 1610 1910 797 
1911 2191 
1484 1227 984 992 1912 113 1759 
2845 427 1913 952 1285 626 846 
702 1655 279 214 306 2018 1778 2709 2367 2413 1914 
1915 409 
650 1916 
284 1651 1917 2688 1192 1336 1994 833 389 
2697 1918 
1188 2912 1919 109 
1801 1920 319 2204 2346 0 
1921 2298 1526 
1785 1475 1822 1922 
650 1923 2675 130 
1480 1924 
1695 1925 342 1062 
2111 1535 1926 1178 323 
189 1872 694 324 1436 2252 1783 1092 507 132 1927 1422 
1828 2527 85 1928 1211 
2584 1929 1579 552 620 
1514 463 702 306 1930 1778 2709 2203 2552 2911 
2060 2801 1931 
793 2852 1932 
1777 1933 
1934 586 1142 1977 
1977 724 2599 1935 2402 2137 
764 1936 864 
1937 1897 
2749 1461 1938 948 1802 2440 929 1362 2517 2593 
650 1939 
1422 1940 
623 2076 10 2782 2030 2301 1256 1812 70 1096 2410 1492 1875 1227 2935 1941 1763 1513 1342 1466 290 2014 2798 497 
2054 681 978 1942 1051 2011 
2579 233 1278 525 2363 1943 
611 1944 2797 
436 1945 49 1747 820 1976 
1825 1946 1422 
1198 1227 1947 
1948 710 
2235 2286 623 135 2344 1960 1949 
538 1950 2019 1208 140 8 2129 404 2157 293 586 
97 1951 1062 
2539 984 1111 1952 153 1492 57 831 
1660 168 2427 619 954 1565 393 166 445 663 2013 1953 2842 
1161 1954 543 661 
1955 2224 865 2085 
844 1956 1890 
1631 1957 
1422 1958 
1688 1743 2904 1959 467 
264 2815 2760 2714 2438 1840 2764 2511 1497 1949 1199 2298 2796 378 2667 1981 1839 713 1960 1544 2850 
629 1359 1961 
1097 1179 1962 2299 
1908 2429 798 2257 1404 1963 
2271 1964 1258 
885 1965 1678 502 
270 2249 1966 
1194 180 1967 2076 962 684 1973 1819 2323 1303 1435 1091 2799 2648 
1968 1480 
1278 133 744 1969 
2932 2269 1970 793 413 185 549 1240 2114 147 
368 1971 1005 2907 48 835 
2054 681 2121 2011 1972 281 
1967 320 684 1973 1435 2799 2648 
2542 1974 738 
1975 224 1690 
1945 1976 
1897 1977 724 1935 2402 788 1934 
1426 2197 425 1978 2014 766 220 865 
1979 310 1325 
1980 2613 977 902 2209 140 293 
1458 114 701 2755 181 1960 1981 1056 2661 53 664 2120 797 
2612 1328 919 522 2379 140 877 2509 2034 2783 1505 955 1684 2279 1388 642 2167 2837 1817 1880 1900 1078 101 389 2254 799 699 1982 958 372 2372 2102 2325 
1983 2584 2675 654 1711 
2108 1475 1984 
2364 531 146 1420 2317 1985 1261 443 1209 1257 2649 1238 2614 229 748 2787 495 1651 609 147 
1227 992 2884 956 1986 437 
1987 133 485 52 
1140 1988 
883 1989 
835 1990 
2454 1897 1231 2038 2550 1497 2661 1991 
650 1992 1232 2564 2742 
1166 1993 
2788 1917 1584 992 616 180 705 1336 1994 2751 1518 
2268 1140 2154 1995 
133 1996 
427 1997 1127 534 
2536 2579 956 1002 474 1381 2575 2072 2270 1748 1740 1998 
2010 1999 
2559 2000 
102 745 2001 1572 1594 1739 245 
2002 1785 1897 
2849 2003 343 
650 2913 1124 3 2675 2004 
738 2005 
2006 1094 1360 1707 453 2178 2357 90 
2628 1422 1237 2007 
1213 2008 118 
650 2009 
2010 1999 
1942 978 2011 1734 1972 
2012 1654 2826 1482 1496 2141 
1775 1275 445 2013 1953 
491 1172 1786 1426 1250 1978 606 839 1941 2675 2014 1887 
2431 2015 
2016 933 
221 927 2017 
320 685 306 2018 1778 2709 1803 1914 
293 2019 837 1950 
650 2914 2020 2257 809 370 
650 738 1415 2829 2050 139 2650 145 1906 56 2021 1863 2623 
2022 1783 1092 1892 280 2064 2853 2768 
2448 2340 2750 1271 2023 2780 1813 1576 2525 1104 
2024 1140 453 1510 
169 948 2025 929 2593 
1083 795 2026 2190 2091 
2027 2904 20 
95 544 992 1543 231 1641 1461 2067 1330 523 2028 
650 2029 
2030 2917 496 1941 2088 
2560 2031 
2032 2732 1311 
1302 2090 2033 2661 
1982 1087 2279 1328 919 2034 1817 1900 2254 
1762 233 992 731 2035 
428 1286 313 69 2513 2913 472 1338 1139 991 2633 889 2036 2675 809 1547 881 1629 
2675 2037 148 
848 2038 1497 1991 
2138 1187 2206 864 764 1242 1282 649 2039 1588 2376 2611 2670 952 
782 2040 
42 2041 
600 250 2108 79 1475 1787 1855 2042 
1047 2043 669 486 55 2168 761 2438 2224 981 1110 1757 1302 
650 2673 2806 2044 781 2334 2913 604 134 440 2653 2675 
650 2045 
1270 2046 
2047 324 2742 654 2802 
2564 2048 
2802 2049 
650 2829 2050 2650 1906 2021 1863 1327 
2131 2051 1320 
688 102 2153 2427 822 1460 641 2249 2128 2605 1836 2234 1133 2052 
1643 2053 427 2246 387 1386 935 817 
2054 681 978 1942 1051 2121 1972 
2277 1369 2055 1062 
650 577 548 72 2056 
1032 22 2302 2057 193 
650 2058 1415 1071 176 423 
2785 2059 2113 
2060 2801 1151 1931 
81 2218 2061 
673 1008 948 1802 2062 2440 
2854 2529 2063 413 2649 1767 549 2746 1858 1075 2583 
2119 2022 2618 1783 1892 2064 2853 
1597 2065 144 
1599 2581 342 133 1422 2066 
1762 514 992 2669 2067 1219 2028 
2068 1695 2696 992 
284 2364 2069 
137 2070 
2630 2071 1130 683 10 948 2509 2797 110 2298 1152 
1002 474 971 1381 2072 1998 1909 1352 
2628 1155 1571 1322 133 2224 1497 1056 2073 
95 261 631 2074 1008 729 1628 
650 862 2075 
1762 2076 1455 2374 2782 1844 530 1681 1967 2875 25 2412 1332 725 2862 2792 2307 1399 1941 1091 846 2642 1511 1396 975 2798 437 
2077 1897 
71 936 2078 2802 1311 
1473 2079 
259 1905 1210 2080 1422 663 2190 
2081 1422 
2488 1543 2082 2374 547 
1560 2083 
2883 1028 2569 1708 2084 
2085 2148 605 2181 706 1955 2686 2605 
2913 377 2086 
2266 1553 1464 1329 2737 2189 2087 2458 
2030 2088 
2089 898 540 2367 
2090 2033 1137 2661 1666 1302 
795 2026 1422 663 2190 2091 
2938 2092 53 
2093 1562 
650 2806 777 2398 1427 1402 1789 1473 1229 1082 130 2094 256 2675 743 
2109 1422 2095 
193 1274 2096 156 
1214 1458 2097 1419 
650 2749 723 2098 902 948 820 
2796 1544 2191 227 2099 1056 2661 2258 1646 2850 2478 104 846 
2208 2100 
650 2675 2101 
1982 372 951 2123 1880 2102 1078 774 799 
2675 2103 487 2613 
1824 916 91 2104 2514 1326 437 
2105 2226 2640 1184 
624 1503 2106 1867 571 206 2893 2739 
2320 1165 468 2411 2107 1550 2120 
600 250 294 2108 2335 442 2151 749 79 2807 918 1596 393 1787 2835 1434 1984 1855 2042 
2109 1320 908 2827 2115 2439 2095 545 1422 
2551 2392 685 1150 1623 2110 1220 
2111 1926 1178 541 1474 
2112 2460 593 822 
1897 2113 1585 2785 2059 
2854 1970 1767 390 549 1240 2114 1075 2583 
2109 908 2827 2115 545 663 
2116 546 
2117 1897 
1166 2118 2839 652 
240 2849 759 2870 2064 679 796 1771 2852 2259 1752 1783 835 2328 2768 2896 2631 1889 458 117 2119 429 1519 
69 2815 99 1550 2120 2320 1487 2478 2298 2406 1797 2810 1981 2107 2315 468 1839 964 1072 2661 2730 
2054 681 1051 2121 1972 1265 
2904 2122 2123 
69 2122 1732 658 2123 1880 2102 1078 2706 1156 2517 
253 2678 1733 1391 2124 1140 2236 
1505 2125 
2141 2126 
948 1802 1649 2127 929 901 2593 
2128 1594 2052 
1950 2129 873 
1669 2226 1184 2130 
2131 2051 1172 
1713 679 2132 1024 
2895 2133 1577 
2134 471 
2207 2135 
385 2136 2811 234 
1935 2402 2137 
2138 1550 2039 
2139 608 1523 2359 
71 279 2140 212 1311 
2141 2126 2012 
767 616 2661 2142 2311 
2904 2143 
616 2144 324 2514 171 1091 2802 
992 2634 1516 2145 1638 760 
2324 2146 937 918 1475 
1689 2720 1837 2714 2147 701 
428 69 341 2085 2345 2148 2408 54 2395 2671 2605 1566 
650 2309 2149 
2421 1438 2150 
2108 2335 1475 2151 
233 2238 2444 1056 2152 
2153 539 2052 
1580 1258 2271 1995 2154 
650 174 879 2155 1309 733 
2821 726 2156 
538 1950 873 1704 2808 1208 404 2157 293 
1098 2158 
1014 2422 2159 
2160 1135 
628 2533 1130 2161 1268 329 2841 80 1515 1608 314 
2162 2220 
2163 1485 865 
773 1817 2500 2164 
934 2165 
2408 2166 
160 2788 1982 1087 2279 705 2167 1900 101 722 
1757 1047 2043 2406 669 2940 486 55 2168 1308 2438 2224 553 1701 981 1110 968 1910 872 1302 
1133 2169 
2675 2170 2700 1520 
1334 2225 779 241 2855 287 2171 
1076 29 1628 2172 
189 694 324 2173 1383 2583 
517 575 2174 976 2804 
2175 2408 1269 1056 2661 137 663 
79 1475 2176 1095 
2177 1615 1054 
2006 1094 1360 2674 1365 2178 2357 
1316 1543 2689 775 2179 1462 1780 2288 
1217 2180 2376 952 84 
2312 1897 1679 2085 481 1571 2181 425 2873 1585 2224 865 
1458 2182 706 1675 2224 1497 1110 
2183 321 1056 137 1422 
362 102 2427 1460 198 2184 691 1864 
2874 785 2185 1521 
2749 395 2533 948 1802 999 2593 2186 926 
1774 1268 2187 
2188 2532 
2266 2189 1464 2471 1320 2087 
1083 795 1210 2026 2080 863 1480 1603 410 1422 663 2190 2091 
1165 555 1840 1302 1394 2191 2518 307 1497 2478 2694 1808 1137 1911 1056 1646 104 2850 964 2303 2099 2661 2313 1638 871 
2192 1897 
1014 2422 2193 
2194 964 236 706 1528 641 1751 766 
1422 1593 756 2195 
2196 2302 342 1062 
1458 2197 425 1978 1009 833 2661 1780 
856 2198 509 559 2668 1212 
2199 1475 1605 663 1545 1480 
2200 1709 645 164 747 
133 2247 2201 
1030 186 2202 
2203 2845 1930 532 
2204 439 1920 
1898 2205 133 108 1326 2631 
2579 2206 2238 2669 1242 2039 2795 1747 371 865 712 
2353 2135 2207 2574 24 
650 2208 2100 
2209 1980 1630 
2515 5 2210 2803 398 133 216 1095 
2211 1494 947 
2212 2790 2546 639 
2213 2704 543 
583 2214 
2215 36 812 2609 1505 1313 
673 1013 2831 919 2216 
2217 1845 2261 
2218 2061 
650 2219 
2162 2220 1239 
2604 919 2221 
829 473 1176 2591 427 387 534 1623 1317 2262 2222 
133 2223 1278 1699 
1458 2043 2390 703 1322 2856 1757 1700 1155 2182 1571 425 364 1497 1390 2459 2298 84 2796 2873 704 1856 1056 1910 645 2181 716 706 486 1955 2168 981 2224 1110 2661 137 1267 2073 1119 797 
287 2171 2225 
2105 1457 1184 597 426 435 2640 1027 2226 2826 2130 634 504 
1299 2227 1629 
617 1102 2228 2680 2798 
2560 2229 522 
2230 1105 
2231 368 2907 2739 
2383 1458 2232 
1671 2233 2516 2867 
1475 2234 1422 2052 
538 2235 1726 2696 1704 1008 135 2344 1628 1070 833 2608 2708 1949 1404 2298 760 
2275 960 629 807 1359 343 2124 625 2499 1613 2570 1737 1140 2236 598 2469 
2237 1294 1074 
2579 2206 2238 1278 1748 2714 1306 1021 2152 
2239 1460 1605 2427 
1597 680 658 1084 2240 305 
2241 1695 
32 2595 2829 1071 1877 2242 2362 
381 2243 
133 2244 546 
1089 879 2245 135 660 
2392 2053 1150 2246 1437 1220 
2864 1312 931 894 511 133 2247 2702 2201 1015 1737 
2596 989 1170 1463 466 2248 
2340 1827 995 989 2052 2881 2864 2448 168 1601 1103 1693 1659 1095 1568 2519 677 2249 1645 1660 1834 2391 707 1632 1542 2525 1966 1565 
1549 2250 2797 948 
1789 1237 2251 
189 694 324 2252 1927 1383 2373 
2253 212 
160 2909 1982 1684 1057 2372 962 444 1333 1336 2034 1880 1817 2797 1900 1301 1138 389 2254 1505 
2595 1071 2847 2255 1877 1782 
2256 1438 2421 
2914 1841 491 1786 1003 900 1908 2429 2825 2699 2257 2020 798 1404 1963 370 1726 
1113 603 2579 871 2602 1123 103 1808 2099 2258 2661 137 1302 
796 2119 2259 
2749 2260 1802 2593 926 
2217 1043 2413 1845 2261 
274 1176 49 2591 271 427 2262 2413 2329 2222 
2263 1663 144 2741 1035 2498 
2279 1321 2264 1683 1561 60 
1458 2265 
316 2293 2266 931 1432 83 998 1464 1085 1062 2566 133 461 2471 2737 2189 2087 2458 397 1273 
1862 2267 74 
2268 1995 
2529 2269 1970 793 2486 232 2583 
1002 474 2270 1998 1135 
2271 1964 2154 
2272 1225 582 1791 1345 
873 2753 2771 404 2273 1313 
2274 1659 
1359 2236 598 2275 
451 2885 1458 1165 288 2276 1056 2661 137 2383 1497 
928 2055 352 886 1056 2514 2277 1770 1665 
1147 984 2278 2875 1278 156 2777 158 1690 
160 151 1982 2279 956 1388 1321 2264 1683 2167 2837 2034 1900 722 1636 742 
231 1461 2280 
2584 346 1579 552 518 1709 620 2281 
2787 2446 2282 
2673 816 2638 2283 
650 1615 2284 
114 1364 2285 2608 2661 1191 
2286 2696 1704 1185 2344 1070 1018 2608 1949 1031 926 
107 2318 2287 438 1692 1621 1614 1260 
1780 1316 2179 2288 
1458 378 233 181 2289 2661 
487 1290 225 328 1298 2290 2459 1758 2306 
650 1397 1415 758 1894 1124 2937 1139 139 226 2291 2650 433 1082 130 145 1338 340 2793 391 
2307 2588 70 2292 920 2297 652 1548 
2293 2266 1695 
2294 2839 568 
1274 1606 1337 979 729 811 2295 630 383 2386 1628 
2296 136 6 
2588 2292 1393 2297 1548 
1888 655 1458 984 1100 1503 1194 989 211 2725 484 1550 2120 1664 2386 948 1802 1713 835 774 2298 2235 1339 181 992 133 1585 466 2071 1287 1921 1695 236 1960 2440 2224 2550 2661 1799 1183 2738 
1962 633 2299 1656 
2300 1025 
2301 1941 
2196 45 2302 2057 
1458 1165 181 2303 2191 716 1837 1617 1497 2661 2850 411 1302 
2304 718 1415 
650 2305 
650 1823 816 2638 2341 2290 2306 
1848 2292 1452 2076 158 547 93 2695 2488 156 2506 725 348 2862 1012 1152 2557 544 2307 1339 1046 2533 2381 2744 1066 1399 29 1294 2860 1186 2642 573 1128 1893 630 403 1190 2738 1045 
2515 2322 2308 1495 133 
650 2149 738 1504 1114 2309 
2310 133 1062 
928 767 367 336 2142 2311 
2312 1700 1765 594 2586 2181 649 2670 337 
2191 1837 1686 553 2661 2313 1302 
2314 2802 
21 2315 1 389 2120 
573 2316 737 70 403 665 2506 652 
146 2317 1985 1261 2775 748 2382 
107 2318 2287 438 1621 1614 
1897 2350 91 2319 133 1326 
2320 1165 406 236 706 1072 2780 1686 2452 1497 2661 2107 1550 2120 
2321 1122 506 1348 638 1766 
2308 1216 381 2322 
1967 2543 1803 1435 1091 2323 
2324 2146 79 2807 1475 937 918 393 245 
919 1982 790 2325 
2326 1476 839 2661 137 
2327 554 
177 2119 240 1358 1046 1076 2372 759 2563 1713 1892 1067 389 2328 2631 458 
925 2779 2262 2413 2329 
1597 1458 1165 2330 1405 1534 1837 227 305 553 2661 137 1497 581 1296 2457 28 
1562 2331 
844 2531 2332 
2913 2333 1124 
650 2044 632 1764 2334 2913 1124 
456 2108 2335 1136 2151 79 1475 393 749 
1765 2586 1334 2336 
989 1320 2337 
293 492 2338 
1897 992 1717 62 502 2339 515 2712 
2448 2340 1897 1271 2023 903 715 2893 2594 2249 1632 2525 1104 
2398 384 2638 2341 2306 
2462 2342 2743 189 1526 
1446 2343 2390 
2235 2286 2696 1704 623 135 783 2344 1070 2608 1949 1031 760 
69 341 2345 2148 1460 54 641 2395 981 249 2671 1566 
2346 746 1920 
2347 2943 2610 
2348 1740 
628 2349 2533 992 2884 1268 2411 193 1608 437 
1897 2350 916 2319 1495 1062 2514 1422 
70 2351 
862 1583 2352 
2353 2207 
1208 820 2354 
650 2673 2806 2355 2871 2584 990 1579 552 743 2675 2765 754 
2356 457 
402 2006 1580 1868 1360 2674 2598 11 2849 453 2178 2357 475 657 
1458 227 2358 1056 2850 
2139 608 1523 2359 
2584 1615 2360 654 2621 1711 
2361 1422 1098 
650 2595 1415 2829 1071 2242 2362 
1194 1695 2363 774 1943 
284 2364 446 146 1420 1985 2069 1257 748 2787 495 1651 609 
95 2549 1274 70 2365 1112 2802 
2366 2579 656 1278 1259 876 193 2928 2393 1455 766 865 
984 214 2089 1847 2367 1914 2802 
2509 389 2368 
1616 2369 1655 
2679 632 2913 1124 647 2675 2370 
616 70 2371 
1674 1328 2831 1886 2830 673 948 1802 1668 999 2328 188 1684 956 901 351 106 1747 2254 1357 2593 2903 1982 2372 2440 1117 926 
189 694 324 2252 132 2373 
911 2858 1543 2076 1138 2082 2809 1445 2374 1295 2798 
112 2375 
631 2180 2039 2376 418 952 
1165 1710 2377 1534 2572 
2378 1897 
2379 492 1982 404 
1422 2380 
2505 2307 573 1274 2381 737 70 1802 403 2440 2506 652 2492 
2382 2775 2317 
1458 2232 1544 2276 1497 2661 137 2383 411 1119 
1875 2729 1543 1318 512 2384 374 
1593 2385 1897 
1888 17 70 135 329 1107 2295 729 2386 2298 
2387 2526 
137 2388 1679 
2389 2534 546 
2390 1446 2224 2661 2343 
1886 2391 133 2249 2887 
925 2392 2574 2246 24 769 2110 1220 
2505 2366 2579 656 1278 1259 2393 2562 
2394 1770 1056 2661 
428 2345 1619 2148 2816 641 2395 
970 2396 1713 1568 2722 
16 1370 1103 2397 
650 2559 2806 2673 2717 2871 2398 1114 2094 2341 
2909 188 673 932 2831 2399 1093 
2400 1213 118 
2909 188 958 2865 2401 932 2756 
1977 210 2599 1935 2402 788 724 2137 1313 
2752 1762 984 580 1274 992 956 189 2777 1759 2403 831 1747 
679 2936 2404 
204 2405 377 720 
2834 2406 1503 2168 1182 2661 2120 1576 
2407 1453 1695 
2148 2175 2408 2166 641 2661 1422 
2409 920 672 
2410 1585 1941 
1458 2349 2411 2107 1550 
2412 2076 1116 
702 1655 274 2591 2329 2779 2262 2413 1914 2261 
2414 133 342 
1831 1215 2415 
650 2416 
466 2417 
2418 153 1111 
2419 957 
1319 833 2420 
2256 2421 1438 2150 
1014 778 2422 251 2627 187 2193 1340 1809 824 2663 470 1262 2159 
2423 2580 426 
774 2424 1619 2605 
2883 644 2654 2425 1028 943 
113 2426 1628 1183 34 1471 
362 2427 2816 903 1460 1722 198 641 79 2239 1475 2184 2052 1422 1953 
1458 2428 1269 614 2901 1056 2661 
2914 1841 1786 1003 1908 2429 2257 900 1404 1963 370 1726 
2430 706 140 1744 293 586 
2431 2015 
1597 853 2432 173 1687 1056 2661 735 
49 2554 2433 
375 1458 2434 
2435 1303 1435 1091 2799 2648 846 
1185 1224 789 211 2725 2436 
1089 915 2437 
1458 378 2043 2940 1960 2168 1308 2438 1110 2661 872 1302 
545 1407 2109 2439 
2858 2381 2372 1938 948 1802 2062 2440 929 2298 2593 
2441 1422 
735 1221 1165 1796 63 2577 425 1837 2442 1497 2661 220 123 664 
2902 776 2443 
2579 1381 2444 1544 2152 
1071 2445 1877 2595 
284 2446 327 2282 748 2787 495 1651 147 
2744 2852 1499 1332 2675 2447 1454 
1289 2340 2596 1503 989 1813 2594 2448 1005 715 206 2893 2887 2519 2249 1645 466 1660 1104 2624 1834 904 1271 2023 2525 
1762 1036 2449 
2763 2450 
1888 2451 70 1526 613 
2320 1349 2452 236 
1501 2453 948 
2454 1497 1991 
1274 676 2455 156 2757 2719 
1474 2456 
1458 1700 2330 1534 227 2661 2572 2457 
2266 1553 1464 1341 1329 2087 2458 
487 2584 1290 2734 1589 2720 1064 2224 2767 297 1709 2290 2459 1758 
2112 1079 593 2460 
2538 2461 
1198 2462 2342 2743 189 1268 2805 1526 1455 52 376 924 1513 2894 
1851 2463 584 1613 
2464 663 1630 
1422 2465 
650 1232 2466 1044 
1785 2728 1475 393 1421 2467 
650 465 2468 
1613 1140 2236 598 2469 
2470 1148 
2266 1553 1464 1341 2471 2737 2189 1273 
95 2472 728 1548 
1820 793 2473 
2544 2474 
2475 271 
19 2476 
2477 1629 
964 236 2191 2099 2661 137 2850 2478 2120 
2479 2904 
2480 2661 
650 2481 1049 843 1056 1709 2621 
2482 2861 
650 2483 
2491 2484 
2485 417 
2269 2775 1713 2486 1075 2583 
1339 2487 617 2841 2680 1163 
2307 2488 1661 1543 2082 665 523 
1100 926 1046 1668 2830 252 2489 
2490 1632 
2491 2484 
1461 2381 2492 
352 2493 
246 2494 
1145 844 2495 625 1375 
786 942 969 417 2496 1880 799 
2808 2497 
2263 1458 2498 
1391 2499 1613 1140 2236 
2909 2500 2164 101 389 
141 2801 2501 20 
1208 2502 
426 113 1494 493 1630 41 342 2503 
2504 1526 1776 
2505 2381 1025 728 2393 1362 
544 2307 573 2316 2381 737 70 905 403 2506 652 1637 
133 840 140 2507 2924 
102 2508 1594 1603 
160 2368 2909 1187 1982 970 1022 705 1336 2509 1206 2071 
774 2510 
1960 1686 2511 
208 2797 2512 803 
2036 2513 
1897 2350 916 2144 706 1384 2104 1213 2514 2277 1404 1422 1276 
2515 2210 2308 954 1649 216 1095 1040 
1671 2233 2516 
1732 1938 2123 929 2797 1362 2517 
69 1458 1619 872 786 1047 669 2191 2518 2796 2694 2814 1308 968 761 981 1110 2550 2661 137 1119 797 
1888 2448 1274 2519 1740 133 2249 
2942 1526 582 2520 1345 
332 1275 2521 690 2842 
833 2522 
2536 1808 1740 2523 2661 
375 515 2524 1903 
2340 989 2594 2448 1601 2852 566 1713 967 1610 835 163 1897 643 793 734 2249 1775 1104 2624 904 2750 1271 2023 2525 
2387 2526 1673 
2527 2696 1928 1527 1475 663 
2528 1585 
2529 2269 2583 238 232 1075 2063 
650 2530 423 
2531 1344 2332 
2188 2532 
1100 2884 971 2186 613 95 2307 1227 1339 628 2349 1897 992 2669 113 2161 1268 1641 2841 1526 729 1018 2757 1243 1747 1130 2533 1799 926 
2389 2534 663 
650 2535 754 
2536 1002 474 2603 1740 2523 1998 
650 2537 754 
2538 2461 992 
1875 1227 2539 1111 1952 153 57 
2540 1744 
641 2541 706 1528 
2542 1974 
49 1303 2543 1264 1803 1435 2878 2323 
996 2544 2474 814 
994 381 1552 2545 
2212 2546 
2547 921 1695 987 835 1565 
680 2548 1405 
650 1762 514 2549 1274 992 2365 1516 
1701 919 2518 839 1401 1991 2661 2550 101 2298 
2551 2574 2110 1220 
1514 2552 1930 1000 
2553 713 1056 2661 
1723 2554 570 2433 
2555 2789 
919 2556 2909 2903 
2307 70 652 2557 
159 1413 2558 1551 
2762 2559 2398 1745 130 2675 2000 
2560 2229 2031 
925 2561 966 1507 
1458 1426 919 766 1259 193 2393 2562 1780 1422 865 
2852 2563 238 1380 835 1483 2328 2631 458 
2048 1992 1378 793 2564 1154 1392 
284 2565 
2266 1432 1494 97 1062 2566 787 1320 244 397 
683 2567 474 
650 1141 1472 2568 
2084 1708 2569 
589 343 2570 1737 1600 2236 598 
1802 2571 1824 
1458 1165 1710 2377 1534 199 2572 2457 
2573 1388 677 1713 1610 1576 2772 1346 
2551 2392 1643 2207 2574 1150 24 
69 406 1002 474 2575 922 1998 1352 
2576 76 754 
2442 2577 2661 
2578 1695 
1998 666 1458 2366 2579 2755 2206 2238 1381 2444 839 2393 1497 2661 137 2258 1638 664 1943 
2423 464 2580 
2581 2066 
1802 2582 948 
147 2583 1233 2269 2852 1713 2649 1767 2746 2486 1240 2114 2631 2063 793 1820 2932 2529 1102 413 2664 390 2173 232 1075 
650 309 1929 1579 552 1615 2776 1412 518 2675 620 1711 1663 296 1709 1582 2765 2459 2621 2281 352 1173 2720 183 175 1983 2355 2584 2726 2734 2661 2360 654 1331 
2585 917 1010 1776 
2312 1773 956 2586 1190 1742 2336 1319 1582 
650 1232 2587 1036 743 
2588 219 2292 1393 2297 211 1548 2725 
2589 2725 
2590 1695 
925 757 271 427 930 387 534 1623 12 2840 274 49 685 2591 579 2779 2262 2413 2880 61 186 966 2222 982 829 
2592 1695 98 
2749 1358 2260 2025 2830 2884 1515 948 1802 1668 999 383 637 1354 2186 2641 1938 2127 882 901 2593 1824 2372 2440 929 700 1902 275 926 
2525 2448 2594 2340 
650 2595 842 997 1538 2675 215 2616 32 696 356 851 2445 2786 632 1071 1124 895 2913 2847 2255 1877 176 2242 1338 2362 1343 881 
2448 2596 989 1813 133 1170 1632 2248 
2597 1624 
2357 402 2598 453 
2609 724 2599 1935 2402 1042 1179 1313 
1166 1217 992 1679 1176 49 1294 709 1160 2600 
1707 2601 
2602 2661 2258 1056 2850 1422 
2536 2603 2661 
2604 2221 
428 341 1897 2085 2148 605 1500 706 2686 939 2671 2605 1566 2424 1133 2052 
587 1227 580 992 2606 156 1853 
102 2607 
2235 114 1172 2286 2696 2285 2344 2608 1876 1183 
2215 210 2599 2609 586 
2347 2943 221 927 2610 
1124 2611 2039 
21 1982 1679 2612 1388 1159 699 
650 1702 2672 1980 1685 2613 1789 2684 1744 819 2103 912 
1985 2614 
2628 2615 2802 2822 
1071 1877 2595 2616 
671 2617 1542 2881 1565 
95 628 1274 992 948 2618 1436 1018 383 52 2064 
2619 2767 
812 1792 1129 2620 
650 2481 2584 706 1837 1617 843 2661 2360 654 2621 1711 
582 2904 2942 2622 
650 2912 2913 542 1071 503 422 2650 488 2021 1863 2623 
2448 989 1813 2525 2624 
2625 133 948 
1888 2626 
826 778 2422 251 2627 1340 1809 2663 
1458 2628 2007 519 2822 1571 1259 425 2615 137 2073 
1318 126 366 2629 
1362 2630 2797 2071 
240 1358 2828 759 2563 1380 1389 1146 2583 276 2205 2852 1713 1752 835 2328 2631 458 1889 2647 466 2119 1102 1077 429 1519 
1762 2632 992 
650 204 750 852 1415 2829 2633 2036 720 
2634 59 2145 760 
96 118 1058 2635 2802 
2636 1124 
2637 536 
650 2283 1823 816 2638 1060 1053 225 1232 317 548 2341 2306 
659 2639 738 
2105 2226 2640 435 
2858 1802 2935 2641 2593 
1198 2307 1227 1848 2642 1194 1176 2076 
2643 741 569 
2644 1897 
2645 884 
606 698 2646 
759 2647 2631 
2435 320 1967 1369 684 1973 1396 1016 1091 2799 2648 
2932 1985 2854 793 2063 413 2649 1767 1240 1075 2583 
650 738 1415 2050 755 1338 139 2291 2650 391 1906 56 2021 1863 2623 
650 2651 345 1402 134 
2652 1897 1329 
650 781 738 2044 272 2653 
2763 2654 2425 1441 
2655 1056 
650 1363 1292 2868 834 2656 
1198 2657 1455 2894 1699 
2658 352 
650 2829 2659 
1176 2660 
1458 1165 603 2815 2197 703 1322 2442 1412 518 451 1887 1689 2320 2480 2330 1530 2891 405 1390 2667 2694 269 2720 103 1418 1137 1056 2851 2408 1250 1269 155 716 1837 713 839 2099 2224 553 2661 137 2383 1253 2850 664 411 2672 288 144 2390 1084 2714 1840 2457 689 364 674 1709 1199 2298 2428 2285 616 1467 1808 2873 692 2901 2523 1646 1123 2553 2584 964 706 735 1267 123 2906 1331 1119 2313 2090 2577 406 2760 1751 2432 2120 2033 2683 1394 1361 425 1430 2741 1497 43 2406 378 1796 181 2602 2603 1981 1666 1419 63 1839 152 981 601 407 220 508 305 871 69 1686 2438 99 2258 2394 1302 2764 114 2579 1155 477 2175 296 1571 1639 2191 2518 2276 2621 2478 201 1113 651 2698 1559 2142 175 1272 2289 2326 2303 2550 1991 
355 2662 
2422 251 2627 1809 2663 
1233 2664 390 2930 2583 
173 2665 
1597 2666 680 307 1353 1497 
1458 2667 1419 1960 2661 
856 768 2198 1695 342 1062 2668 1498 
2752 2533 2206 992 2669 616 956 2067 971 1112 1018 1680 2757 1747 2921 712 
2312 2670 2039 
341 2345 1619 2148 977 2671 2605 586 1133 
1736 2672 2613 2661 
291 2673 2806 2044 2355 2871 2283 2398 816 344 317 719 256 72 2675 
1360 2674 1365 453 2178 2357 
650 2559 2673 2806 2871 2595 1415 2829 990 750 2677 1521 2879 433 1615 423 2094 2856 2675 53 620 1202 2370 754 2902 2170 1006 1299 957 852 384 1236 1049 1768 2037 1082 377 130 297 1760 2700 2103 2447 743 1629 738 717 345 585 659 2036 2910 400 2004 770 498 2890 1280 2101 1983 2355 1923 2044 2912 1237 2584 1431 2913 465 38 2923 2726 30 542 2014 
2729 1459 170 1832 1318 518 1218 2676 
650 1830 2677 1056 2675 164 912 
431 2124 2678 1733 
2679 1687 2370 
2487 956 189 617 1102 1713 731 2228 2680 1346 1152 1163 
2681 1475 1572 
2682 246 992 
2838 1165 2683 2661 
650 2613 1789 2684 1195 1760 1041 620 1372 
1073 1005 2685 715 
2686 2085 706 2605 
650 1049 2687 1788 1439 
1917 1334 2688 1336 782 
1316 2689 1088 2179 1780 
1822 2690 1062 1506 973 1118 1594 434 
842 2691 750 
2692 1517 
650 2693 
1047 2694 2191 2518 1562 761 1110 1056 2661 1308 872 1666 1302 
2307 1227 1848 409 2695 
2527 2235 114 2068 2286 2696 1704 1076 2344 2608 606 
2697 1918 
2698 2661 
491 1003 1908 2699 2257 
2170 1236 2913 1124 2937 1520 659 997 2675 2700 489 340 
1448 2701 643 1062 404 663 
2247 2702 
650 204 2912 2913 2829 1071 51 755 503 1472 145 720 2703 
2213 2868 1161 2704 1080 
517 575 127 1810 2705 2804 
2706 2123 
1598 2707 
151 2235 188 1684 956 2831 1063 1815 2708 2918 106 449 389 
279 306 2018 1778 2709 1914 1930 
24 2710 
1780 2711 
1274 616 883 70 1268 1886 1835 1526 2339 1642 1493 2712 613 1080 
2713 1351 
1458 1165 181 2238 1837 1960 2714 2661 137 164 664 2147 
650 2876 1232 2715 
2716 1246 
194 1823 2717 2398 1048 1053 130 
2718 1297 
1100 184 514 2455 1802 811 2719 
1597 1458 2584 2720 227 2661 2459 1331 2147 
465 2721 733 1056 1736 
2772 2836 677 2396 1713 566 199 1610 1576 1568 1346 2722 
778 1422 1098 2723 
650 1049 2724 
1811 984 1185 1224 211 2725 2589 115 295 640 2436 2298 1061 2588 992 219 941 189 617 956 1393 1747 1186 1163 2914 712 802 
650 2584 2726 1049 2675 297 
2727 1327 1415 
1785 1822 2728 1813 2467 
2676 2729 1217 1765 594 1661 2855 1318 2384 374 
2810 1 2730 2120 
628 2772 992 2731 2841 1436 1092 835 524 314 1346 1152 1163 
71 1846 2732 2032 1311 
2733 663 1062 
650 487 2584 2734 843 833 1709 2459 
2903 1087 454 1900 1561 2735 
562 2736 
2266 1464 2471 2737 1320 2087 
1674 1886 1499 2830 1909 948 1668 1892 2298 458 2307 2744 784 91 1780 2860 1824 1899 700 1030 2738 
624 368 2231 2106 711 793 571 490 2739 
408 992 956 2740 731 
1597 2263 144 1405 680 2741 1056 2661 407 
666 1992 2047 793 2742 437 
2743 2462 2342 
2307 2744 1444 2738 2447 
1339 1641 2841 2745 926 
793 2583 2746 1075 2063 
2747 1542 
1734 1315 2748 1587 
2749 2260 2098 1938 902 1802 929 700 2186 1183 2593 
1289 2750 1897 2023 2525 1545 
1192 1336 1994 833 2751 
2669 2403 2752 992 
2273 2753 404 
2754 441 
624 1458 2815 2579 2755 1839 1278 1837 1200 1981 2906 1564 28 
160 2788 2909 958 2401 1881 919 705 1817 1900 2756 1093 
2533 2669 2455 2757 1799 
427 930 1127 1623 2758 2840 
70 2759 2802 
428 69 406 1242 964 236 706 1528 1960 641 2760 1019 2661 1199 
616 2761 1526 1091 782 
2762 2559 993 1789 663 
736 2654 1028 2763 2450 
1960 2764 1419 2661 
2355 2584 654 2765 1582 
679 2766 
887 2619 173 2767 297 2459 
2119 779 2022 324 1783 1092 1892 2768 
1010 375 515 1409 1109 2769 917 
2770 115 992 
2771 2273 
1339 628 2573 992 113 2731 1268 617 2841 2852 80 1713 2772 2722 314 
520 2773 1635 237 496 
682 236 2774 
2317 2775 1075 2486 2382 
552 2776 1711 2584 
1848 1762 580 2278 992 1207 2777 2403 
764 1120 2778 
2591 2779 2413 2329 846 
1597 2320 1271 2023 1639 236 2780 752 1497 
2781 704 2850 1856 
2782 1875 556 837 135 2076 1941 2839 
1772 1982 2783 1078 
1897 2784 
2785 2059 2113 
650 838 2595 2786 
284 2364 146 2446 1985 327 2282 2787 495 1651 609 
2788 2909 1187 1584 992 180 1994 2167 1900 2756 
2555 199 2789 
2212 2790 639 
1731 2791 1383 
279 2076 2792 437 
650 340 750 1124 2937 2291 1538 1447 1782 489 2793 
615 2794 618 
2795 2206 
1458 1047 2796 1639 2518 1960 2099 2224 553 2850 
2630 1674 858 2250 1277 948 16 611 999 208 1505 1944 944 956 1732 2889 1501 2797 2512 1747 1362 389 2254 800 1357 2517 2071 1406 751 1370 349 60 
1762 1284 2076 1461 1018 2228 1294 1941 2374 1747 2798 
2435 320 1967 684 1973 1396 1303 1435 1091 2799 2648 
70 119 2800 286 
2501 2801 1931 2060 1226 1151 
2047 1658 1384 212 2802 2049 1781 2078 2875 1859 2861 2615 1411 880 1657 279 1144 2144 1714 111 1847 2367 2314 667 1891 550 1324 2365 2635 1213 2906 2759 437 
2803 398 5 2210 
517 575 127 1810 2174 2705 1305 976 2804 
2805 2462 
2673 2806 2044 2355 2871 2398 2094 2675 344 
2324 2108 2807 937 1475 918 
1897 2808 126 2497 404 2157 293 586 
1138 1295 2809 2374 
1503 2810 1 2730 2120 
2811 234 1705 633 2136 
2812 1320 1133 
650 2902 2813 
1047 2518 2814 
624 1458 1165 603 2755 2815 680 1381 1837 1960 2661 137 1550 2120 
2427 1729 2816 1695 1528 641 2395 2887 
428 205 2817 618 1283 
2818 133 2900 
2819 694 
1262 2820 
2821 2156 
2628 2822 279 2615 437 
2823 715 
1644 1217 2824 1543 697 197 1163 
491 1908 2825 2257 303 
2826 2226 1865 2012 
2109 908 2827 2115 545 663 
238 2828 2631 
650 1415 2829 2633 145 2050 2675 32 356 852 51 503 1906 632 2659 2913 2847 2242 2362 2021 2703 
1888 177 926 1100 113 2372 948 1802 2830 2738 2593 2489 
2903 2909 2858 673 932 2372 919 2831 1333 2399 2708 2216 1093 
2832 1142 
79 1475 2833 
2834 989 1170 1 466 2406 
2835 79 1475 2108 
624 1710 1503 2836 199 2722 
1982 2279 1321 2837 101 
2838 1458 1165 2683 
2782 352 957 992 1749 2294 56 2118 2839 
1198 49 2591 427 1623 2758 2840 
1484 261 2487 1350 1004 1759 1515 80 2745 835 1152 192 1339 628 2533 1459 113 2161 189 2841 359 1747 2731 2772 1346 926 
168 1953 2521 2842 
1249 2843 1330 
650 2844 423 
2845 2203 532 1913 1215 
610 2846 
650 2595 1415 2829 1071 2847 2255 1877 
2848 2864 
2357 2119 2849 2003 
1458 1165 242 2781 1686 1840 407 1394 2191 2358 1497 1199 2478 1113 2796 181 871 2602 876 1056 2661 1646 104 1272 1544 2303 1837 1960 2099 1701 1653 2850 1638 1863 394 
2851 2661 181 1837 
1563 453 759 2563 4 2583 2772 679 2852 1713 835 1568 182 561 2447 2631 458 1897 113 903 1268 793 1562 466 2119 970 1102 413 1932 2525 1346 1075 
2022 694 324 1436 753 1783 1092 1892 2064 2853 
2932 2854 1804 413 2649 2114 1075 2063 
2729 1765 1334 594 2855 2171 
650 346 296 450 1615 2675 2224 2856 770 53 1331 
2857 1515 
2858 2831 1561 380 1333 2440 2374 1138 389 2935 2641 
2859 173 1372 
2307 1100 1606 2860 2738 
1859 2482 2861 2802 
1198 2307 1227 1848 1194 1176 2076 2862 
2863 450 1615 53 620 
2864 894 1015 951 133 2249 2247 335 2848 
389 2909 2865 2401 
1056 2866 1133 1897 
2233 2867 1491 
1363 1292 2868 560 834 2656 213 1161 2704 543 
1415 472 423 2869 1327 
2870 2119 
2673 2806 2355 2398 2871 2923 2675 344 
496 2872 
1639 2181 425 2873 2224 2661 137 865 1302 
650 2874 2185 1521 
1198 2278 2875 2076 2802 
650 2876 1232 2715 
1597 696 301 2877 680 
2543 2878 
650 2879 2944 2916 145 2675 
2880 2591 
1695 2617 2249 1542 2887 2881 
150 2882 473 846 
2883 2084 2425 1028 
1888 177 1824 1152 2349 2533 1130 2884 1076 1821 1664 882 1986 1499 2593 1747 926 1471 
2885 1165 2276 
2886 844 1695 342 1146 1320 
1834 921 2448 2816 1695 2391 641 1542 1645 2887 2881 1565 
650 2888 852 1897 
942 2889 2797 1078 1357 799 
2675 2890 
2891 1112 2661 
1426 135 1388 2892 833 
2448 2340 2106 793 571 2893 
2657 70 2894 2462 
650 2895 1504 1577 2133 
2119 2896 
2897 325 
2898 527 
1016 583 2899 833 
1522 592 2900 2818 
2901 2428 2661 
2902 2443 2675 2813 776 754 
2903 673 2556 932 2372 919 2831 454 1900 1561 2735 
26 2143 2122 1688 1743 2904 2942 163 1959 582 989 2479 1880 2622 467 1632 1468 967 2027 734 
1012 2905 93 
2755 2661 137 2906 1331 2802 394 
1971 2231 1005 2907 199 48 
2908 277 
2500 932 2831 919 2401 2556 705 2509 2399 825 1716 95 160 2788 2909 188 962 1817 1900 2756 101 389 2254 958 2865 1584 444 1063 1561 
2675 2910 
1514 1930 2911 
650 2912 718 1919 109 2913 465 139 422 2675 2703 2623 
650 2595 1415 2829 433 1687 145 2675 1139 1447 2370 718 1764 852 2334 758 1894 755 503 1472 1768 2333 1082 674 868 1906 2086 2700 889 1440 1629 717 632 1397 139 895 659 907 2036 2004 1280 2044 2912 2913 465 542 1877 1782 2703 2623 
650 2914 1227 984 2725 957 1286 992 313 956 408 2429 2020 574 2257 731 809 1404 1786 712 
2915 20 
173 2879 2944 2916 
2030 1274 1256 135 2917 924 1513 
2918 1815 449 2708 
2919 1897 
2920 1028 
2669 2921 
1814 2922 
650 2923 2675 2871 
2924 2507 
625 1391 453 2925 
650 1713 2926 
2927 572 
2366 1259 425 1686 2928 1219 865 1699 
2929 1229 1114 
2664 2930 1233 
2931 1124 489 
2932 2854 1970 413 2649 549 1240 232 2583 
1131 984 2933 1595 
2934 277 
1888 1875 2858 57 1879 1664 496 1941 2641 2935 1909 926 
1274 2404 676 2936 462 835 
1124 2937 2291 659 907 2700 489 340 2793 
2938 2092 
2939 388 
378 1047 2940 486 55 2168 1308 2438 981 1110 1119 797 
1724 2941 
1688 2904 2942 582 2520 1345 2622 
2347 2943 2610 
1124 2879 2944 2916 1472 173 
2945 1098 
102 619 1594 1739 1037 2946 
