243
750
811
50
249
38
649
28
135
400
636
758
833
37
459
691
733
378
25
670
276
39
29
345
11
15
324
620
54
754
521
51
54
15
662
70
607
302
274
48
98
15
236
94
13
763
791
295
556
102
276
213
751
481
561
35
38
95
118
98
829
29
691
63
773
643
779
411
234
74
407
193
21
169
40
328
31
159
21
81
54
220
380
523
246
554
47
45
29
145
426
610
798
521
203
29
0
314
629
60
393
444
173
35
315
29
582
521
521
477
635
626
264
38
55
468
408
63
75
733
101
386
151
705
327
427
506
51
2
499
365
507
605
38
107
521
737
273
54
62
273
91
774
500
406
19
454
865
221
38
762
85
714
282
15
169
766
571
547
812
43
63
656
188
856
246
117
611
46
288
216
430
471
521
361
169
30
831
716
726
363
27
694
495
874
122
642
326
107
63
510
3
470
724
63
131
244
160
171
424
648
38
735
588
194
123
78
416
246
101
54
639
581
858
639
741
329
88
478
21
675
186
29
281
44
521
303
253
246
335
1
587
839
15
63
555
531
615
622
740
498
733
15
682
604
734
693
330
146
289
246
340
534
239
594
391
17
521
146
33
593
103
685
144
322
335
589
29
101
333
733
691
681
77
325
19
250
556
3
853
105
742
117
861
629
169
532
497
291
733
724
674
629
326
674
521
19
63
136
31
834
207
591
93
71
870
387
556
54
328
321
757
238
165
442
817
575
415
242
552
864
325
1
630
277
211
320
468
63
698
873
576
667
572
521
18
519
27
48
262
29
223
429
38
238
691
279
792
693
55
21
554
801
638
133
347
226
285
153
733
163
815
522
228
348
69
15
554
725
733
255
174
29
521
238
96
195
733
246
688
256
246
334
224
113
614
592
805
263
559
54
453
647
511
340
55
90
68
238
691
19
624
360
308
759
247
326
325
169
121
63
116
75
57
826
250
60
820
306
676
770
118
15
95
590
128
494
39
520
521
713
775
328
372
346
179
60
778
198
533
340
55
651
487
38
29
40
424
451
389
68
212
657
102
398
73
765
190
373
181
385
196
505
325
237
19
246
65
27
615
749
527
174
716
33
325
421
98
615
3
27
421
56
129
539
270
284
640
744
512
215
760
170
756
502
823
580
343
27
606
634
626
492
100
851
258
668
435
43
15
86
570
134
149
350
554
81
326
837
101
825
341
235
130
473
156
604
6
463
310
524
769
54
15
285
521
370
537
384
54
33
535
325
516
521
33
443
827
38
246
325
50
329
339
10
329
169
508
15
345
57
38
352
98
746
19
761
29
107
733
55
15
94
489
627
717
38
283
232
246
617
169
44
664
73
97
461
126
462
129
201
395
878
521
5
15
402
367
63
153
88
702
399
509
73
84
844
448
246
265
238
48
672
129
711
435
59
81
472
526
13
703
809
420
15
240
723
29
388
392
691
828
8
551
677
227
471
189
379
335
137
371
358
148
810
27
38
569
554
169
107
626
513
808
326
48
54
40
855
69
11
21
276
50
15
62
193
254
813
384
554
401
460
301
325
120
485
53
41
309
480
166
484
847
445
147
246
603
782
148
238
159
521
712
141
324
246
29
7
142
329
38
176
213
141
204
521
768
68
316
612
872
205
135
89
755
164
4
464
27
54
722
672
414
549
133
67
783
27
150
75
161
518
629
521
789
222
325
584
238
521
63
541
364
632
366
106
15
51
174
428
54
15
10
233
29
21
819
243
76
15
33
63
178
733
294
713
63
184
538
699
483
92
742
653
739
546
574
172
10
137
830
626
850
527
455
169
230
684
167
8
184
181
859
169
29
313
107
436
29
663
435
658
330
467
595
175
181
27
700
293
802
15
529
210
6
3
27
631
666
374
849
50
852
714
84
545
318
27
22
297
665
42
296
521
521
841
248
238
14
15
419
691
116
19
794
277
842
276
324
800
257
54
544
10
356
715
40
690
521
422
728
691
238
69
708
877
672
27
787
16
683
449
14
87
421
599
521
38
679
246
255
713
440
445
303
623
530
99
486
62
337
561
409
536
238
863
30
465
331
139
310
529
238
730
120
252
182
825
129
328
359
92
355
197
21
15
63
62
733
21
271
554
690
115
733
273
33
216
48
19
61
795
307
425
626
104
9
821
412
54
423
745
73
433
793
135
38
691
184
141
410
169
564
560
641
0
119
275
680
456
514
72
33
426
17
33
206
38
234
272
691
36
63
707
169
169
38
8
689
149
8
33
219
101
857
585
405
43
246
185
452
563
181
759
132
127
619
118
733
349
238
338
325
686
30
691
268
743
29
241
148
329
727
502
14
396
187
790
600
98
714
110
286
439
832
154
259
269
689
340
21
493
534
848
317
55
48
554
417
63
118
29
747
332
85
616
558
466
34
129
39
80
146
602
836
2
10
706
579
74
27
140
162
521
51
117
299
822
340
38
15
65
29
753
15
376
496
521
108
799
749
15
19
237
129
527
27
27
260
733
531
139
304
578
826
77
3
687
344
153
170
177
246
548
390
3
125
445
325
710
792
276
450
324
155
181
383
457
854
459
38
72
525
125
696
187
565
601
6
66
458
319
771
69
38
768
158
682
246
15
583
15
482
521
721
74
479
490
796
691
804
152
40
325
705
323
62
43
143
69
54
138
476
48
469
32
31
114
325
720
52
867
109
169
39
515
501
63
54
777
325
362
644
311
554
521
246
298
49
69
628
54
170
437
540
586
731
838
718
557
661
44
107
266
74
353
174
517
58
107
305
596
659
225
82
199
652
124
246
784
120
246
245
40
300
148
246
280
432
709
98
645
582
351
64
418
368
625
573
824
68
290
729
426
669
488
29
846
65
609
37
445
474
748
83
866
312
733
72
146
27
200
871
691
521
260
567
806
25
342
128
116
80
692
868
287
543
781
208
26
57
261
27
504
82
326
876
229
246
51
650
180
63
327
780
826
15
803
30
797
116
418
691
869
132
21
246
814
568
20
107
397
734
12
73
209
705
691
785
691
475
246
434
3
447
719
704
246
394
260
38
82
550
278
79
329
732
137
736
2
15
214
413
788
816
786
243
35
326
148
698
217
15
503
33
807
157
691
11
843
751
81
326
384
636
441
292
231
38
318
6
169
218
654
267
50
302
217
494
8
48
734
381
3
597
404
879
336
129
335
528
369
862
382
529
733
24
875
29
85
246
764
357
134
237
160
738
772
38
375
111
238
523
438
750
767
23
342
192
598
202
691
152
695
44
107
29
733
633
491
69
191
646
787
354
15
55
403
183
15
701
144
752
328
618
698
168
660
840
860
446
15
129
621
340
141
577
246
130
845
431
98
251
542
84
655
180
835
608
613
691
776
697
27
588
637
818
80
678
566
377
265
193
15
626
562
112
110
246
246
22
673
553
135
6
536
246
326
671
