0 74 277 632 411 766 
64 1 102 1287 1415 269 855 184 731 29 
513 2 1283 1162 12 399 1174 159 161 676 166 1086 448 1344 1345 457 1483 82 984 1379 1274 892 
384 3 1002 11 212 1303 1275 1021 
418 35 4 743 71 1099 1132 1077 796 
1441 834 5 877 720 977 1171 155 
419 6 487 393 1067 1356 304 1020 1375 
1155 1382 7 1102 1269 469 
577 1218 8 1225 714 139 44 620 683 21 1055 
802 9 652 625 534 1499 
1188 388 10 1425 1138 1044 1365 1276 
384 3 1002 11 975 212 1432 186 1275 1021 
2 1156 1030 519 137 393 1418 12 268 653 1295 789 918 1174 1304 923 1308 159 161 419 166 1062 424 809 1069 942 1074 1076 53 565 949 952 1086 319 1089 66 965 70 1480 713 721 980 1108 342 1246 1375 995 1379 357 876 1388 622 1007 498 1268 1400 505 378 1020 253 
193 1351 1449 13 432 1341 
1120 1442 263 14 528 1298 788 287 
864 15 1298 1299 1427 988 
999 16 369 919 569 1245 
1288 749 17 856 122 1342 
805 878 176 912 18 370 402 
512 833 928 202 1036 305 19 211 633 
802 234 459 625 20 1302 
577 8 136 714 139 44 620 683 307 21 1055 
165 934 46 1199 1075 22 760 
425 970 527 1490 23 699 
517 1359 24 1466 924 93 
832 160 72 752 1208 25 
583 680 299 76 1330 472 26 1020 
298 1485 1371 788 1146 27 
967 647 816 1360 1175 1339 28 
1 385 1417 375 184 29 
133 1033 43 1133 1051 30 
807 296 748 755 760 31 
32 1378 291 39 1419 1485 1146 1371 
33 481 545 422 916 1309 
34 163 866 974 367 1233 213 
129 4 144 913 1297 35 40 562 1343 836 1479 1099 973 462 979 1243 733 477 351 1248 629 
36 996 1284 392 553 746 1131 1320 1417 1106 631 1242 604 
1377 37 938 1204 570 701 
613 38 1317 972 685 699 
32 609 1378 291 613 295 39 201 968 1038 338 434 692 1431 1146 1371 671 
35 40 973 144 629 1243 1343 
248 227 836 901 41 1260 1071 659 1176 920 279 88 1082 989 
546 680 42 586 76 410 1020 
1406 259 772 133 197 841 1033 43 1420 1133 1072 703 530 532 86 55 1078 1182 30 351 
577 1218 1346 8 1225 714 139 44 620 683 21 1407 
1286 555 45 1013 1115 477 95 
1453 46 1488 81 1457 1075 22 249 
930 1476 47 727 1016 412 
704 1153 354 677 646 742 74 1098 1454 48 113 1240 380 
897 49 1458 1012 603 508 
1452 50 340 309 1016 540 
800 297 267 51 792 892 509 63 
192 1152 515 582 678 648 1482 115 52 1364 1014 730 1404 
737 1379 426 12 1052 53 1020 1375 
482 547 777 1036 879 976 661 182 54 
1473 197 262 552 841 43 556 1420 283 1008 86 55 187 
1474 813 399 1429 56 735 
196 969 173 1135 310 1238 57 351 
1156 393 1418 666 923 1308 159 676 421 807 809 174 942 58 1086 1216 449 66 457 1483 1356 340 998 875 1270 1020 511 
482 1247 177 1053 279 59 61 799 
419 1252 934 631 1175 954 60 
482 1360 177 1175 506 59 61 
227 209 1395 1077 1145 794 62 
1440 297 51 917 792 217 509 63 
64 1 1415 1416 1083 785 435 246 855 184 731 348 
65 773 331 844 281 1402 
864 513 66 1089 70 73 12 1268 927 58 319 
290 67 292 1444 840 1037 1168 275 1114 
1280 962 68 485 552 1355 
69 1033 780 181 1237 1336 446 
66 70 907 12 876 1325 340 565 1020 1375 
673 418 132 4 71 1483 396 304 276 1270 695 892 253 
160 832 72 363 752 1328 242 25 
864 1089 66 73 1330 948 1268 159 
0 74 138 300 766 1454 48 1361 882 277 1335 632 411 702 639 
771 1444 265 75 910 655 
708 680 42 299 76 1196 1330 472 26 1020 
867 645 682 330 77 788 1077 
832 641 450 549 1029 1095 363 1260 1497 78 1140 920 1401 1306 989 
705 451 617 650 79 1362 116 1311 
386 80 561 852 694 1017 
1316 1262 46 81 1457 1085 286 
1408 513 2 132 519 268 399 166 949 1345 1474 839 457 209 82 980 473 361 630 1274 892 1277 
675 612 684 1260 1071 880 83 84 93 1401 858 381 
549 1222 1369 558 1103 208 880 1489 83 84 697 1050 1307 381 
1318 366 559 753 341 85 
1473 197 43 1420 1008 532 86 55 409 284 1406 703 
397 1167 176 373 87 1241 862 
1219 901 41 169 659 627 979 88 1082 
1088 1220 1261 468 89 126 
1313 1155 964 778 90 1244 
551 178 245 1493 983 1434 91 
1153 646 1038 92 1166 277 1367 380 
463 1137 1234 83 659 535 24 1340 93 
1281 1027 1159 273 305 1169 94 
129 675 771 1220 1343 908 45 912 1297 853 183 1243 477 95 
96 1252 1193 1195 460 496 595 
97 385 642 580 104 553 1417 1204 375 604 223 
1312 801 98 1202 437 982 157 1471 
99 521 759 829 1099 847 1200 529 1172 693 278 183 1045 1141 763 636 317 
100 361 844 1228 464 1077 1084 1405 
1472 1249 101 168 1130 1194 560 534 
1024 1 102 1415 844 1039 785 180 855 184 668 
454 103 329 810 1164 950 
256 97 545 104 175 1394 1079 
547 1496 616 105 364 1006 1230 752 913 1464 1115 894 1023 
106 974 1233 346 317 191 
107 716 1492 1462 1495 254 
1121 579 712 395 108 334 878 176 924 
866 803 163 1222 109 1233 1402 
516 1191 493 110 433 1468 
804 805 1227 111 976 308 
112 1394 243 1429 854 1433 346 
704 1153 354 677 646 1098 48 113 1240 
611 815 1423 114 308 376 825 859 
192 301 787 115 52 1404 
705 994 493 79 404 116 
802 741 1293 1040 1236 117 662 598 1178 189 767 
354 742 972 277 118 1367 380 1342 
289 431 369 119 1428 1460 919 1245 
1025 1034 471 120 926 671 
1473 235 1231 979 500 121 283 1404 
1125 1288 749 17 856 122 1342 
837 648 778 123 527 656 922 699 
321 322 360 682 363 1297 373 124 733 
808 1096 1008 1336 125 863 
640 355 1224 619 974 944 89 126 479 
993 1391 1040 1009 1139 917 127 
128 976 627 629 280 890 
129 865 35 901 518 629 95 
513 130 868 971 1324 946 
1058 131 329 810 751 501 
132 71 396 304 82 892 
133 841 1033 43 1420 173 1133 1135 343 30 351 
770 1311 1285 134 1385 1457 1203 1332 1210 188 1438 991 
135 1128 1097 428 440 1213 
1218 1346 136 1225 714 139 307 21 
137 1067 12 653 1074 1375 
514 1383 138 74 277 632 857 411 639 
577 8 136 714 139 44 620 683 307 21 1055 
610 963 838 1256 140 1305 
1380 1125 141 596 953 606 
320 1065 142 750 1491 603 798 
1317 1126 1030 1134 143 473 442 
35 40 973 462 144 1140 
930 803 614 1037 335 783 145 146 315 
898 803 1410 1445 614 490 783 145 146 529 660 690 1201 1331 1394 1433 1212 223 
326 718 147 1044 341 218 
1475 798 687 1199 148 1173 1054 
707 1257 657 721 149 1014 
1003 684 1424 884 150 440 1048 
771 649 1142 151 890 219 
940 1005 1357 467 1149 152 413 
1472 1249 168 1192 941 153 
930 1253 233 1172 154 987 
1441 834 5 877 720 977 1171 155 
674 550 360 1259 1497 156 
1312 801 98 1059 804 805 1349 1034 271 175 1296 1202 437 157 1471 
1160 1165 1326 1076 158 574 
1089 2 965 711 73 1418 12 333 1004 911 58 1308 1310 159 
160 832 194 228 72 1328 466 1139 533 1430 1271 1208 25 1399 
161 2 12 1020 304 1330 988 
417 162 549 360 1369 682 555 722 595 1273 
34 163 866 681 1387 109 654 1233 213 824 1402 
1441 164 1269 1429 535 1213 
549 165 1227 686 880 22 250 381 
449 2 1089 1477 166 12 82 628 
768 960 903 616 167 1144 1115 
1472 1249 101 998 168 489 1130 1192 652 941 1194 560 626 564 1205 534 153 700 415 
1219 901 1479 169 558 979 438 88 1243 
896 933 170 494 1263 624 1211 220 
1185 1317 1126 1291 171 689 
257 547 1481 619 172 590 439 1115 636 
133 969 409 1033 173 1133 1135 310 57 351 
174 943 565 666 58 1020 1246 
832 801 1312 1027 869 104 175 985 157 
1121 1241 293 517 1349 520 395 108 397 334 878 176 1167 18 1363 761 87 185 
482 900 1092 1322 1131 1132 495 1424 177 1042 1053 1455 59 61 799 
452 1444 523 657 178 1459 1493 314 91 
484 1191 1193 493 1170 179 504 1468 
482 900 1092 102 455 747 180 
69 204 816 945 851 181 822 1237 990 351 
867 547 786 54 182 894 1023 
518 521 908 272 915 536 280 1189 1200 183 956 829 317 1099 462 847 853 350 95 99 743 871 1384 627 1141 759 763 
64 1 102 1287 1415 269 855 184 731 29 
1121 712 395 334 878 176 185 
1217 186 1002 11 975 212 1432 442 1021 
962 835 1158 717 55 408 187 
705 770 134 617 909 814 1393 1457 1203 1332 1210 188 
992 1440 546 802 741 1178 297 848 117 598 1112 410 189 
1441 1250 707 1354 190 1438 
191 1286 1417 106 1394 223 
192 1280 301 115 52 1404 
193 1351 1449 13 432 1341 
160 194 228 1009 466 1139 533 1399 445 
195 491 1196 400 1330 499 
196 772 969 409 273 370 532 310 1238 57 
1473 197 518 43 1420 532 86 55 796 
198 1319 1416 1360 886 1175 313 
933 199 1267 599 1211 861 447 
291 200 1134 722 758 1371 
578 1347 39 201 522 434 338 692 1151 
928 514 1413 967 202 19 820 1045 1275 
1480 203 557 622 887 1113 
1033 204 1327 945 181 1238 
643 1350 205 914 1206 830 
716 206 1492 1495 1465 254 
994 1443 1101 207 1136 1362 1333 921 1215 
549 686 1103 208 697 84 1271 696 345 251 381 1087 
519 713 268 396 209 82 276 984 62 
997 1352 1129 778 522 210 
833 647 19 211 1142 1309 
384 3 903 1002 11 212 1432 186 1275 1021 
34 163 866 974 367 1233 213 
517 1034 1359 660 214 924 
580 1457 1043 1427 215 1436 
897 1186 1060 654 368 216 729 
762 1251 296 465 691 567 217 410 63 
804 718 366 147 341 218 
258 1187 647 623 563 151 219 637 
896 933 806 391 170 1263 624 1211 220 
706 1381 1419 730 1467 221 
768 1095 1289 363 1452 242 664 988 222 
385 642 898 1025 392 1417 146 1433 420 1445 553 428 1324 1331 1204 1212 701 191 580 455 223 97 996 614 1128 1394 502 
224 481 545 451 961 1316 1085 1332 1213 1498 349 
225 1409 1189 871 272 1402 
226 934 719 785 1116 478 
353 227 836 867 868 1061 41 946 1395 1300 1077 282 62 
160 194 228 466 1139 1399 
229 265 298 843 910 559 593 818 1272 
1220 230 1294 721 1202 761 
576 736 835 231 1327 754 596 
290 292 1125 232 845 1301 311 1274 1278 
901 987 233 812 973 1243 1172 1015 154 891 
802 234 459 20 1302 1178 
235 717 408 121 699 959 
1254 236 461 529 438 381 
423 266 237 1102 469 860 
1317 1254 238 500 310 312 
706 329 810 239 501 1463 
388 808 240 821 341 1084 
1090 431 241 369 1460 919 1245 
608 641 832 293 1222 1095 72 1289 1484 558 1328 242 1363 1430 791 728 1208 1018 222 
1063 112 243 1429 854 346 
587 526 1422 244 665 828 
291 1347 613 1492 245 91 
64 1415 1447 435 246 855 348 
257 1380 530 1079 247 1439 
41 1071 1176 1015 248 1401 279 989 
1453 46 405 503 249 539 
549 165 686 880 1296 250 381 
1154 579 1103 208 475 251 
386 740 904 1450 336 252 
418 1094 71 1483 12 721 1329 276 951 888 1308 253 1375 
107 716 206 1492 1495 1465 254 
1480 873 1196 622 1266 887 255 
256 965 808 104 496 1299 506 862 
257 1157 1481 172 530 247 701 
795 258 647 563 372 1142 219 
259 43 1420 1072 409 1406 
260 1319 267 531 1172 759 
261 265 671 726 1278 831 
867 262 841 722 1077 55 
1120 1442 263 14 528 1264 1298 883 566 287 
1191 264 393 1193 460 1468 
1444 261 229 265 75 910 1390 510 671 
423 935 266 237 1102 469 860 
800 260 267 51 279 792 1271 
519 393 268 12 209 82 984 1375 
1 269 184 889 1275 1309 
270 369 1428 919 764 1245 
1312 801 271 337 345 157 
225 353 1409 871 744 1256 715 272 183 350 
1281 196 772 1096 1133 273 274 339 1169 602 94 
832 1281 1286 1292 273 274 
930 67 647 872 1451 1168 275 1436 
673 1157 71 839 1195 396 1004 209 276 695 253 
0 775 1160 138 277 1049 1318 300 559 1335 1342 702 1348 74 723 1367 92 1126 882 118 632 380 766 
482 99 1424 1169 278 479 
41 267 1260 756 920 279 248 1401 1082 59 
128 1045 280 285 436 693 1077 183 317 844 590 976 853 870 743 1254 1001 1131 1132 374 891 763 
65 484 773 492 1101 1421 281 921 797 1215 
227 868 1066 946 850 282 
1029 682 332 819 55 121 1402 283 
1420 532 86 409 284 1406 
600 1035 915 280 285 863 
930 1250 1447 81 1457 286 
1120 1442 263 14 528 1264 1298 883 788 287 
288 1125 1126 1317 840 1487 882 1462 
289 369 119 1396 919 1245 
290 67 1444 1125 232 1427 
32 1378 291 294 39 200 295 968 970 1485 430 1038 671 403 245 1398 1146 1371 383 
67 292 1125 232 1114 860 
579 517 293 878 176 242 370 1363 1047 761 
1185 291 294 1382 790 1371 
291 39 968 295 365 1485 1269 1301 
1251 296 680 695 939 465 755 567 217 1271 31 
800 297 51 792 189 63 
1152 1347 229 1317 298 1272 27 
708 389 328 299 76 625 26 
1153 1318 74 300 277 1367 380 
192 327 393 301 115 631 
931 1223 1321 302 304 316 575 
640 324 940 1005 846 303 1357 467 1052 1149 
161 132 6 71 711 1321 396 1293 302 1231 304 1356 695 575 
833 930 305 19 1461 1110 442 1117 94 
1025 738 930 873 591 306 594 1366 1016 986 540 
136 714 139 307 21 1055 
611 811 111 815 1423 114 308 376 825 1466 859 
1411 1452 50 372 309 1142 503 664 799 
196 969 409 173 238 1135 310 1238 57 1406 
352 1125 232 1226 311 1278 
865 1412 1221 1031 1132 238 915 312 
198 1447 1416 1360 886 1175 313 
1376 1444 1226 427 689 178 597 1493 314 
783 335 145 1015 1016 315 
931 421 1321 302 316 575 
99 1315 106 619 183 280 763 1144 317 
1220 520 908 1197 761 1243 318 
66 1375 393 12 653 1268 319 
320 610 963 838 584 1065 142 1294 849 658 1305 
321 417 360 682 1306 124 
322 360 682 363 684 1261 373 124 
323 548 1037 981 699 605 670 
1056 324 846 303 625 382 
385 325 1128 1097 1354 428 
326 582 366 147 1044 341 1299 506 1404 
327 1099 491 301 1397 1177 
389 328 490 299 1391 625 1330 410 
1058 131 454 103 329 810 843 1164 239 751 593 818 501 950 
682 330 77 880 659 697 1340 
65 1250 1316 331 747 991 
481 545 804 332 819 283 796 
1388 1069 333 564 1310 159 
1121 395 108 334 878 176 185 
930 774 844 783 335 145 315 990 
740 1317 488 904 1450 1165 1166 336 498 1017 252 
480 1059 645 1061 271 337 817 468 436 345 1340 765 862 1087 
1185 578 1155 1347 1317 39 201 522 434 338 692 1151 
1281 1093 273 339 821 349 
70 50 340 565 760 58 1020 
326 366 718 240 147 85 341 218 
357 1480 12 1388 566 982 342 
133 841 1033 1133 718 1078 343 798 
482 456 1161 813 690 724 344 506 795 
1145 1384 686 271 208 337 697 345 1307 1087 
106 112 530 243 854 346 636 
1187 868 645 946 633 347 
64 1415 1447 435 246 855 856 348 
224 481 1250 339 536 349 1438 
871 521 462 272 661 183 350 
35 133 552 1064 43 780 173 1135 945 851 181 1237 57 1182 446 351 
352 1226 311 978 887 473 1274 573 
353 227 1030 871 744 1231 272 
354 677 646 775 1129 559 48 113 723 118 1398 1240 
355 935 1224 974 944 985 126 479 
1187 356 397 889 1275 637 
357 902 1190 424 1480 12 557 750 941 1069 1041 1388 565 342 534 757 1113 1374 
358 585 1355 1100 1296 599 
1090 999 359 369 919 1245 
321 162 322 450 549 641 360 682 363 1259 1292 124 858 156 
513 100 361 82 980 1077 1494 1405 
453 362 1290 1073 603 508 
608 832 322 1095 72 360 363 78 1328 1208 601 124 989 222 
960 616 105 364 1006 752 926 1496 826 1115 894 1023 
771 295 651 365 1134 593 
326 582 366 341 85 218 1404 
34 1223 1384 367 1104 213 1402 
1186 1060 527 368 216 729 
289 359 999 441 270 431 16 369 241 569 919 1396 1428 119 1245 377 764 925 1470 
196 293 548 712 370 18 
1287 909 1453 371 954 571 1116 
258 647 627 372 309 1139 1142 1427 795 445 414 
322 429 1167 1265 373 87 1208 124 
1001 844 1132 1077 374 280 
416 97 580 553 1417 1117 502 375 29 
782 815 1166 114 308 376 1466 859 
369 1396 919 377 764 1245 
12 1330 565 760 378 1246 
1034 1326 661 1336 1369 379 
1155 646 775 656 403 277 1301 1049 1313 300 48 1342 704 723 983 1367 92 613 742 118 1398 380 766 
1050 165 549 236 397 558 686 208 880 1458 83 84 250 1307 381 
324 1127 846 625 956 382 
291 452 1206 983 1398 383 
384 3 1002 11 212 1275 574 
416 385 97 325 392 553 618 1204 504 29 223 
1057 386 740 906 1450 80 561 852 694 1495 1017 252 
387 583 526 1266 1330 565 
388 10 749 240 1425 1236 1365 
389 328 425 299 1391 625 1490 
769 932 390 745 938 1043 634 443 
933 806 391 494 1263 1499 1211 220 
385 642 1284 392 543 36 1320 938 428 1324 1204 1212 572 580 1476 1488 1106 604 223 996 614 1128 618 746 502 631 
1156 6 264 393 394 1418 12 268 653 1295 918 678 301 1074 1076 58 319 1375 487 505 1020 
1124 1190 583 776 393 394 1127 1196 621 757 1400 
1121 1034 395 108 334 878 176 1012 185 
132 71 713 1195 396 304 209 276 892 
356 1286 1227 397 176 87 1241 381 
770 398 1428 1460 1213 958 
1472 2 1474 1062 399 82 56 
195 491 1196 400 499 565 760 1372 
1413 647 401 594 1334 1436 1309 
1102 402 18 436 469 1491 1243 860 1343 
609 1185 291 454 403 1371 380 
994 1252 116 404 795 895 
1453 1136 405 1461 249 539 
524 543 406 535 1181 607 
737 674 1154 1003 1109 407 542 
1158 615 1051 235 717 822 408 187 959 
1473 259 196 1420 173 1135 532 86 310 409 284 1406 
546 328 42 907 748 1112 217 410 189 
0 74 138 843 1361 882 1301 632 411 639 
1152 778 972 782 527 47 758 538 412 669 
940 1005 1357 467 1149 152 413 
482 456 745 947 372 1140 696 414 
1472 168 1192 1130 941 415 
416 385 642 1282 1324 375 1214 
321 417 162 641 549 1029 1095 1349 682 555 1259 1292 463 722 858 860 
418 4 774 71 872 1451 1229 253 
1410 419 934 6 12 1020 1356 1461 60 
898 707 420 996 1204 223 
421 998 316 1270 58 892 511 
33 1282 422 916 478 895 
645 423 266 237 1102 860 
357 424 1196 12 1266 887 
389 425 750 625 1490 23 762 
1379 426 1130 564 757 53 
1376 1226 427 1370 468 314 
325 135 392 1097 1128 428 1079 1242 223 
645 1095 429 1102 469 373 
291 1317 430 527 782 730 669 
770 1090 999 1258 431 919 241 369 119 1245 569 925 958 
193 1351 1449 13 432 1341 
451 516 650 493 110 433 568 1019 1183 
1317 39 201 434 338 692 787 
64 1415 435 246 855 571 348 
1389 1006 728 337 402 436 1013 280 
1312 801 98 437 157 1471 
1187 901 1446 169 236 558 979 629 438 1243 
172 1180 439 440 732 1022 
1282 135 938 1455 1180 150 439 440 1022 698 732 478 
569 369 1396 441 1245 1470 
143 442 305 1295 1014 186 
986 738 390 1417 938 885 634 443 
1386 1262 592 1457 571 444 
194 811 1040 466 627 372 1139 445 
69 351 1033 780 1072 530 851 1237 446 703 
672 933 199 1211 861 447 
448 1345 2 1030 839 1086 
1089 449 166 1418 1370 58 1375 
450 708 550 360 686 78 1103 1306 
224 451 739 79 433 991 
640 930 452 613 1444 1392 178 1398 537 638 383 
1217 453 905 362 719 623 1275 637 
454 103 329 810 651 1164 403 758 950 
900 455 1417 180 1204 223 
482 483 1411 456 938 844 589 813 495 1036 1039 947 885 344 414 
1344 513 2 1474 923 457 875 82 630 727 58 635 1308 509 
1026 1496 458 1199 1464 894 
234 459 625 595 20 1302 
96 1191 264 1354 460 496 1468 
1346 1349 1254 520 236 461 
35 521 973 462 144 913 1200 629 661 183 1397 829 350 863 
417 682 463 1109 93 542 
738 1410 100 464 1084 1405 
1251 296 465 567 472 217 762 
160 194 228 466 1139 533 1399 445 
940 1005 1357 303 467 1149 152 413 
480 1088 1376 1059 1061 427 811 1261 337 468 89 765 
549 550 7 266 237 429 686 1102 402 469 860 
1463 706 725 470 1111 1081 1467 
867 1323 1326 471 120 926 1471 
76 1040 465 917 472 26 
352 1283 1157 1274 143 82 473 794 892 1277 
867 1059 1222 1357 816 722 474 
737 1154 251 1109 475 542 
1408 802 676 875 534 476 
35 1220 1446 1260 45 1243 924 477 95 
226 422 747 1022 440 1180 478 895 
355 935 1224 649 1389 944 278 126 479 
480 1088 549 682 1261 1232 337 468 1143 1087 
224 481 33 545 1316 774 939 332 819 1368 1498 349 
512 1161 1291 1039 1168 1042 278 1053 414 799 1068 813 177 690 947 180 54 59 61 1092 456 1229 1358 344 1247 482 1122 1131 1132 495 
545 483 707 1411 456 938 589 885 
707 484 739 773 996 1193 1163 1421 1455 1136 1170 179 281 955 
1280 962 68 485 945 700 
930 870 486 844 1360 1175 
1216 678 6 487 393 1356 1076 1375 
740 488 808 1423 336 1397 
168 489 1130 652 1234 1205 534 700 
1410 328 490 1323 1201 146 
195 327 491 400 499 1404 
769 773 492 1101 1333 281 921 955 797 1215 
705 516 1191 1000 1193 650 493 110 433 497 179 116 1333 1362 1426 568 1019 1468 1183 
672 933 806 391 170 494 1267 1211 
482 803 1092 456 813 495 177 1053 
256 96 1323 460 496 817 
833 705 1324 493 497 1142 
1418 12 557 336 498 1375 
195 491 1196 400 1330 499 565 1372 
1317 1254 238 500 121 1117 831 
706 131 1058 329 810 239 751 501 725 1463 1081 1467 
392 553 1417 1448 1488 502 375 726 1403 223 
1452 1453 1486 1075 309 503 664 249 
385 1170 179 1394 504 953 
393 1418 12 1388 1108 727 505 1375 
256 326 344 1369 506 61 831 
1158 615 822 507 1051 959 
362 1290 49 1458 1012 603 508 
1440 457 876 51 760 892 509 63 
708 1446 840 265 1299 510 
421 875 1356 1270 58 1020 511 
512 961 482 709 905 1291 594 19 947 1334 
513 2 66 130 361 457 82 980 630 1494 
833 514 202 138 559 1142 
515 52 1397 1014 1461 922 1404 
516 617 650 493 110 1421 433 568 1468 
293 517 176 214 24 924 
129 197 518 912 183 763 
800 519 587 12 268 209 82 1277 
901 520 682 908 461 176 1395 1243 318 
99 521 462 847 1200 183 536 829 350 
997 1352 201 522 1129 338 210 692 
1028 936 1257 523 178 1459 537 638 
1441 747 524 1180 1498 1204 406 698 732 1022 543 
1127 551 525 787 1372 1434 1148 
387 1400 710 583 1196 526 750 1041 1266 691 244 1330 887 952 1273 1370 827 
609 1186 964 837 669 778 651 970 972 430 527 368 950 23 730 123 412 605 
1120 1442 263 14 528 883 287 
99 901 236 1071 529 146 1402 
257 841 1033 43 1133 530 247 346 446 1439 
800 260 1010 531 1173 955 
1473 196 197 43 1420 532 86 409 284 1406 703 
160 194 466 1139 533 1430 1399 
357 101 168 9 489 1192 652 557 1194 534 476 
164 1137 1269 406 535 93 607 
1189 521 600 829 853 183 536 1080 349 
452 613 1028 523 812 1459 537 1279 
929 1160 981 538 412 605 
1453 1136 405 1461 249 539 
930 966 648 50 306 1366 1016 540 
1255 663 554 1239 541 1150 
737 674 1154 777 1003 463 1109 407 475 1181 542 
392 1354 524 543 406 1047 607 
544 1380 906 655 1487 1462 1431 
224 545 33 481 483 104 938 332 819 885 1498 
1408 546 1353 42 907 748 1112 410 189 
960 547 105 619 172 590 1230 752 976 926 182 54 1496 826 1115 1405 894 1023 
323 548 712 370 981 605 
645 791 1307 417 162 549 165 686 696 697 579 1219 1349 1095 1227 78 1103 208 84 469 728 1241 1497 480 360 1259 250 381 
450 674 1091 550 682 784 562 469 858 635 156 
551 1257 1226 525 1434 91 1148 765 
68 679 552 841 55 1182 351 
97 385 36 580 1284 553 746 1417 502 375 223 
1255 936 554 663 1239 541 1150 
417 162 1286 1032 682 555 45 817 881 1269 1336 860 1181 
1158 679 615 556 55 990 959 
802 357 203 557 622 498 789 534 949 1113 1370 
675 1219 169 1484 558 1103 242 659 84 697 438 601 1306 1243 381 
354 514 1348 229 646 1318 559 753 277 85 1367 1272 
1472 673 101 168 1192 1194 560 
386 740 906 716 80 561 852 694 1495 1017 
35 901 550 1477 1099 562 796 
258 647 1275 563 1142 219 
1472 168 1192 426 333 941 564 757 1374 
387 1418 12 400 789 666 927 930 807 937 1196 1069 174 942 1325 1330 565 1469 965 70 586 340 1246 1375 357 876 1007 1266 499 760 378 1020 
1442 263 1480 1388 342 982 566 
1251 296 465 917 567 217 762 
516 650 493 433 1170 1426 568 1183 
441 431 16 369 1460 919 569 1245 1470 
1377 37 938 1204 570 701 
1386 909 1262 592 785 1457 371 435 1461 571 444 
709 392 938 1338 1212 572 
352 1185 837 1317 978 573 
384 960 1123 903 574 1432 158 
931 1321 302 304 316 575 
576 962 835 1158 679 231 841 1327 1008 1051 
577 8 714 139 44 21 1055 
1185 578 1155 1317 201 338 
1121 579 549 293 1227 108 1296 1363 251 
97 580 392 553 1417 1324 375 215 223 
640 581 649 713 883 891 1149 
326 582 366 52 1404 1119 
387 583 1127 394 1196 526 750 1266 595 1330 1400 1273 26 
320 610 838 584 1065 1199 849 1305 603 
1283 358 1030 585 1076 1370 
1190 586 42 1330 565 1246 
519 587 1422 244 665 635 828 
745 842 588 1197 911 1235 
483 1411 456 938 589 885 
547 172 590 1104 1077 280 
1025 738 873 591 306 1366 1016 986 
1386 1262 592 1457 571 444 
1058 229 329 651 843 365 1323 593 818 950 1272 
512 401 594 306 1334 1436 
96 162 1314 583 459 750 595 1427 
736 231 681 715 141 944 1105 754 596 
1226 1482 787 597 1493 314 
802 741 1236 117 662 598 1302 1178 189 767 
933 806 199 358 1355 1100 624 599 1211 861 
1248 536 1035 912 979 1077 1141 600 1209 285 
1219 1095 363 558 601 1306 
1281 1096 273 1169 881 602 
584 1065 362 142 49 1458 603 508 
97 996 36 1476 392 1204 604 
323 548 837 778 527 825 538 605 
1380 1125 1481 141 914 1206 1278 953 606 
1440 607 406 535 1337 1181 543 
608 1289 363 1328 242 989 
609 1317 39 1288 527 403 
320 610 963 838 584 140 1305 
611 815 1423 114 308 825 859 
832 612 682 722 83 858 
640 452 613 38 39 1317 685 245 537 380 
1184 614 392 145 146 1201 1331 1212 223 
1158 615 1051 556 717 822 408 507 959 
167 616 105 971 364 1006 1115 
705 516 617 1421 814 79 1203 188 
385 996 392 1128 618 971 1204 
547 619 172 1077 317 126 
8 1225 139 620 44 21 
394 1388 621 1391 1330 757 1247 
1480 203 12 557 622 1266 887 255 
453 647 623 1073 1309 219 637 
170 1263 624 599 1211 220 
324 389 1127 328 9 425 299 459 776 846 625 1490 1427 20 884 956 382 
1472 168 1192 1194 652 626 
128 901 627 372 183 88 445 
1061 166 1226 628 793 794 
128 129 35 1187 901 40 777 973 462 1297 979 629 438 956 733 
513 1062 457 82 630 791 
36 996 392 1417 301 1455 690 1204 631 60 
0 1318 74 138 1454 1361 882 277 1335 632 411 702 639 
19 820 1111 633 347 1436 
769 932 390 745 938 1043 634 443 
550 457 587 1035 784 727 858 635 
99 172 1264 1233 346 636 890 
356 453 647 623 889 1309 219 637 
452 1444 1126 523 1459 638 
646 74 138 1361 882 632 411 639 
640 452 581 613 1389 303 126 
641 417 360 682 78 242 
416 97 642 392 1324 1338 223 
643 1350 205 689 914 1011 1206 830 
1344 1089 644 776 858 923 
1088 868 645 549 423 712 1478 682 1066 77 429 1261 337 946 728 347 
704 1153 354 1348 677 646 775 1098 1454 559 48 113 723 1367 380 92 1240 766 639 
795 833 258 1413 647 1036 781 623 1116 401 211 275 372 563 1142 1436 1309 219 28 637 
648 656 52 123 540 699 
581 1096 649 151 891 479 
705 516 1191 1193 650 1163 493 79 433 1426 1203 568 1210 1468 1183 
1185 454 651 365 527 593 950 
1472 168 9 489 1130 652 626 1205 534 1113 700 
1375 1032 137 393 1418 12 653 319 
897 866 163 1060 654 216 
544 771 1125 75 655 720 1487 1171 
1317 648 123 779 656 699 380 
1383 657 178 149 1014 1398 857 
320 963 1294 849 658 1305 
1024 41 330 682 558 659 88 1147 93 
1359 146 660 214 1433 701 
462 688 1200 756 661 54 379 350 
741 1004 1293 117 598 662 1020 
1255 936 554 663 1239 541 1150 
769 1452 309 503 664 1048 1435 222 
587 1228 1422 244 665 828 
58 1093 1375 809 1418 1483 174 911 565 666 1020 927 
1347 1317 1382 970 779 667 
102 844 1039 1360 785 1175 1339 668 
782 430 527 1364 412 669 
323 1382 778 790 730 670 
291 261 39 1288 265 120 671 
672 933 806 494 1267 1211 447 
673 931 71 560 276 892 1277 
674 550 1109 407 156 542 
675 558 83 1243 733 95 
1408 2 676 998 875 1076 58 476 
1153 354 677 646 1098 48 113 1367 1240 1049 766 
1152 1253 678 487 393 1076 52 
576 835 1158 679 552 556 780 1327 
680 296 42 76 1196 1330 760 26 1020 1246 
866 163 681 1233 596 1402 
641 645 520 1035 1292 659 791 793 283 417 162 550 682 555 684 946 1088 321 322 1478 1479 712 330 77 1230 463 722 858 480 867 612 868 360 1259 1261 1137 1145 124 765 
8 139 683 44 21 1055 
322 682 684 83 884 1108 150 
613 38 1253 1317 685 753 
450 165 549 1222 1306 686 1102 208 880 469 345 250 1307 381 
1475 710 687 148 1173 1054 1310 
1314 1252 844 879 688 661 
643 1226 171 689 914 314 
482 813 1358 690 146 631 344 
526 1266 691 949 887 217 
1347 39 201 522 434 338 692 1151 
99 808 1165 847 693 1077 280 
386 906 80 561 852 694 
71 296 1004 304 276 695 1375 
549 1095 1103 880 208 1489 696 414 
549 345 330 558 208 84 697 
1368 1354 524 440 698 1022 
1185 323 837 38 1382 648 778 235 779 874 656 23 123 699 
485 168 489 1130 652 1234 1205 700 
257 1377 37 1394 660 570 701 223 
74 1098 277 1367 632 1049 702 
43 1420 1133 532 86 988 446 703 
704 646 1454 48 113 380 1373 
705 1285 1000 617 650 1193 1100 493 814 79 497 1362 116 1019 188 1311 
1463 706 843 239 957 501 470 725 1467 1179 221 
707 420 483 484 1136 149 986 190 
450 1122 708 1446 299 76 510 
512 709 1079 953 1338 572 1439 
1475 710 526 687 1173 1054 
711 1418 1356 1293 304 159 
1121 548 645 712 682 1163 108 370 1013 185 
581 713 12 396 1388 209 
577 1218 8 136 714 139 44 1225 307 21 1407 
1026 871 715 272 596 852 
1057 1026 1450 107 716 1465 206 561 1492 1017 254 
1158 615 235 717 822 408 187 959 
1355 718 147 341 343 218 
226 453 875 1261 719 1050 
5 655 720 1171 1049 155 
230 1418 12 721 1329 149 1174 951 253 1375 
417 162 867 612 836 262 200 682 1306 722 474 
354 646 816 723 277 1367 380 
1252 1464 1496 777 1486 1360 724 1175 344 894 831 
1463 706 501 725 470 1111 1467 
930 261 726 502 1373 831 
457 1486 47 1330 1047 727 505 635 
868 549 645 817 242 436 728 765 
897 1186 1060 368 216 729 
1313 1155 1347 1381 430 527 52 1364 730 1244 221 670 
64 1 928 1415 855 184 731 
1441 524 1180 1393 439 440 732 1022 
675 35 812 1297 1299 629 124 733 1343 
939 1070 1204 1046 1437 734 
1474 902 1478 56 827 735 
736 231 744 1105 754 596 1402 
737 53 1109 407 475 1052 542 
738 873 591 464 306 986 443 957 
1282 739 484 451 955 991 
386 740 488 904 1450 1165 336 561 252 
741 1293 1040 1236 117 662 598 1178 189 767 
742 1159 48 118 858 380 
1091 4 743 1099 853 183 280 1303 1214 
736 353 866 871 744 272 824 1402 
932 390 934 745 588 634 414 
36 996 392 553 746 1417 
1316 331 747 524 180 478 895 
992 546 807 907 748 755 760 410 1112 1020 31 
388 1447 1288 749 17 1461 856 122 
357 902 583 776 425 1190 142 750 526 1490 595 1491 757 1273 798 
1058 131 329 810 751 501 1179 
547 72 105 364 752 25 
1318 685 559 753 787 85 
736 231 944 1105 754 596 
807 296 748 755 760 31 
901 1260 973 1200 756 661 279 
357 902 1190 426 394 1130 621 750 941 1069 564 757 1374 
454 200 778 1244 758 950 412 
99 260 759 1172 183 987 831 
992 1440 807 680 1353 748 1325 400 1040 755 340 565 22 760 378 1020 509 31 
1220 293 230 1294 176 761 318 
1251 425 1040 465 1490 917 567 217 762 
99 518 1099 847 1395 1045 183 280 890 763 317 
1090 270 369 1396 1428 1460 919 377 764 1245 958 
1477 551 682 337 468 728 765 
0 677 646 74 277 380 766 
741 1293 1236 117 598 767 
768 167 791 1144 793 222 
769 1441 1368 1443 390 492 1101 1362 1043 916 664 921 634 893 
770 134 398 431 1332 1210 188 
771 75 365 655 151 95 
1281 196 772 1096 43 1420 273 1051 
65 484 773 492 1101 1421 281 921 797 1215 
481 418 1413 774 1448 783 335 1403 1368 889 795 
354 1348 646 775 277 1367 380 
644 1127 776 394 750 625 956 
777 724 629 54 1081 542 
837 997 1352 1129 778 527 210 699 1244 758 90 123 412 605 670 
1382 874 779 656 667 699 
69 679 1033 780 1327 1072 945 851 1237 446 351 
647 905 781 1142 854 1436 
874 430 782 376 412 669 
930 803 774 335 783 145 146 315 
923 550 1259 784 1174 635 
64 226 1252 102 1287 1415 1083 1116 785 886 855 571 668 
1496 1036 786 182 1464 1373 894 
1125 525 753 434 115 787 597 983 1434 1404 
1442 77 14 788 27 287 
12 557 1330 565 789 1113 
1185 294 1382 874 1361 790 670 
768 549 682 1296 242 1363 630 791 
800 297 267 51 792 892 63 
768 1145 1124 1061 1477 682 628 1077 1144 793 
1395 628 1077 473 794 62 
258 774 647 404 372 344 795 
4 197 332 562 819 796 
773 492 1101 281 921 797 
142 750 1491 148 343 798 
482 1322 177 1042 309 59 1053 799 
800 519 297 267 1010 51 531 1271 792 892 
1312 801 98 804 805 1034 271 175 1296 1202 437 1430 157 1471 
992 802 9 234 1353 557 848 20 117 598 1112 1178 476 189 
803 109 495 783 145 146 
1184 801 1018 1312 804 332 111 819 1107 1077 1080 218 1144 157 
1312 801 1027 805 1005 111 18 1149 1369 157 1279 
672 933 806 391 494 599 1211 220 
807 748 755 565 760 58 1020 31 
256 808 488 240 693 1177 125 
809 12 1232 666 58 1020 1375 
1058 131 454 103 329 810 239 751 818 501 950 
811 468 308 820 1015 445 
233 812 537 891 733 1279 
482 344 456 813 1358 495 690 56 
705 617 814 1203 1210 188 
611 815 1423 114 308 376 825 1466 859 
1027 816 723 181 474 28 
555 496 337 817 1168 728 1087 
229 329 810 843 593 818 1272 1467 
481 545 804 332 819 283 796 
202 811 820 1111 1015 633 1083 889 
930 1093 844 240 339 821 1077 
1158 615 1051 717 181 822 408 507 959 
929 877 1390 1456 977 823 1151 
866 163 744 1387 824 1402 
611 1465 815 114 308 825 1466 859 605 
960 547 842 364 1230 1110 826 1115 926 
1388 526 1266 952 1273 827 862 735 
587 1228 1422 244 665 828 
1409 99 521 462 1200 1107 183 536 829 
643 1317 1350 205 1206 830 
261 1099 1451 1486 724 500 726 759 1172 506 1435 831 
832 160 612 72 363 1292 78 175 1328 1137 242 274 1140 1208 25 1018 
833 514 647 497 305 19 211 1142 1309 
1441 834 5 877 977 155 
576 835 679 231 841 1051 1327 1008 1078 187 1182 
35 836 227 41 722 1375 
1185 605 837 778 527 699 978 123 573 
320 610 963 838 584 140 1305 
448 1345 1283 1157 839 82 980 276 1303 1308 1277 
288 67 1444 840 845 1114 510 
576 835 133 262 552 841 1033 43 1064 1420 1008 530 55 1182 343 
1283 842 588 1008 1235 826 
706 229 329 843 593 818 1301 1467 1272 411 
1032 1039 1168 1175 280 668 930 934 1068 688 821 1077 65 966 456 844 335 1360 1242 100 102 486 1001 1131 374 1016 
1125 232 840 845 1301 1114 
1056 324 846 303 625 382 
99 521 847 1200 913 1107 1172 693 183 763 
992 802 1353 848 1178 189 
320 963 584 1294 849 658 1305 
870 1066 1068 850 282 1119 
1033 780 851 181 446 351 
386 906 715 80 561 852 694 1017 
1091 743 536 1231 853 183 280 95 
1063 781 112 243 1429 854 346 
64 1 928 102 1415 1083 785 435 246 855 184 731 348 
1288 749 17 856 122 348 
1383 138 657 882 1398 857 
417 612 644 550 742 360 682 83 858 635 
611 815 1423 114 308 376 825 1466 859 
417 292 423 266 555 237 1102 402 1491 469 860 
933 199 1267 599 1211 861 447 
256 1057 337 87 827 862 
1412 462 915 125 1077 285 863 
864 66 73 15 1330 1268 927 
865 129 1412 902 312 1273 
866 163 34 744 681 1035 1387 109 654 1233 213 824 1402 
867 227 262 682 77 1389 722 182 471 474 
130 227 868 645 899 1478 682 1066 1197 946 1235 1300 1494 728 282 347 
1156 869 1384 175 883 1434 1214 
1445 870 486 1068 850 280 
225 353 871 744 1256 715 272 183 350 
418 872 1451 1326 275 889 
1025 738 873 939 591 306 1366 1085 255 
1347 1382 874 779 782 1361 790 699 
1050 676 457 875 719 1268 58 1499 476 511 
70 876 12 565 509 1375 
929 834 5 877 1390 1456 977 823 155 1151 
1121 1220 293 395 108 878 334 176 18 1363 1047 185 
1314 1125 1288 879 688 54 
165 1222 1289 330 686 1103 880 1297 83 84 696 1497 250 381 
1446 1256 555 881 1209 602 
288 74 1392 882 277 632 857 411 639 
1442 581 869 263 1388 528 883 287 
684 625 884 1108 150 956 
545 483 1411 456 589 1486 885 443 
198 1360 785 886 1175 313 
352 1089 424 203 526 622 1266 691 887 1310 255 
1089 1094 1329 948 951 888 253 
1091 356 1187 774 1309 872 1448 1451 269 1073 1403 820 1015 889 890 1275 637 
128 1077 151 889 890 763 636 
581 233 649 812 1197 1071 1077 280 891 
800 673 2 132 421 71 396 82 51 792 473 892 509 
769 1445 1063 938 1354 1433 893 
1122 547 1496 105 458 1161 364 786 724 182 1464 894 1023 
1252 422 747 404 478 895 
896 170 1230 1263 1211 220 
897 1060 654 49 1012 216 729 
898 420 1201 146 1394 1433 223 
899 868 1035 1264 1077 1080 
900 1092 455 1324 177 180 
129 901 520 908 912 529 1297 1176 41 169 562 438 1219 1479 973 88 1243 233 627 756 629 
865 357 902 1190 1480 750 757 735 
167 903 1488 1010 212 574 
740 904 336 946 1369 252 
512 453 1413 905 781 1073 1334 1275 1118 
544 386 906 1037 561 852 694 1431 1434 
546 70 907 748 410 1020 
901 520 908 1395 183 1243 318 95 
909 1453 371 1461 571 188 
1444 229 265 75 1390 910 
588 1356 911 1330 666 1020 159 
1248 901 518 1446 912 18 1141 600 1209 956 95 
35 105 973 462 847 913 
643 1350 1003 205 689 914 1206 606 
1412 1221 1031 1132 915 183 312 285 863 
33 769 422 916 1212 1213 
993 1251 1040 917 567 472 762 63 127 
393 1418 12 1268 1270 918 
289 1090 359 999 1258 270 431 16 241 919 369 569 1396 1428 119 1245 377 764 925 958 
41 78 279 920 1401 1306 
769 994 1443 773 281 492 1101 207 921 797 1215 
1152 515 1043 982 922 123 
1344 644 457 1418 12 784 58 923 1375 
517 108 1359 214 24 924 477 
925 431 369 1396 919 1245 
547 364 471 120 826 1115 926 1023 
864 66 1356 1330 565 666 927 
928 1083 202 1488 19 855 731 
929 1185 877 1456 977 981 823 538 
1285 1293 783 145 1043 275 154 540 286 930 47 305 306 565 821 1461 1337 452 966 844 335 726 990 1118 1119 486 1393 1016 
673 931 1321 302 316 575 
932 390 745 938 1117 634 957 
672 933 806 391 199 170 494 1263 1267 599 1211 220 861 447 
226 419 1252 934 745 844 1360 22 1175 954 60 
355 935 1224 266 974 944 985 479 
1255 936 663 554 523 1459 1239 
1480 937 1418 1196 1330 565 
390 392 545 1441 932 37 938 939 1199 1204 1207 440 1338 570 443 572 456 1354 589 1368 1377 483 1010 634 893 
481 296 873 938 939 1368 734 
940 1357 303 467 1149 152 413 
1472 1249 357 168 1192 1130 941 1041 564 757 949 153 1374 415 
1418 12 942 565 58 1020 
1093 1162 1196 174 943 1330 
355 935 1224 974 944 754 596 985 126 479 
485 1033 204 780 945 181 351 
130 227 868 645 1478 904 682 1066 946 1235 1300 1494 282 347 
512 482 456 1036 947 1053 414 
1094 73 948 1268 888 1178 
12 557 941 82 691 949 1113 
454 103 329 810 651 1164 1323 527 593 950 758 
1094 1418 1007 721 1329 951 888 253 
12 1388 526 1266 952 827 
1380 709 1125 1481 141 1278 1079 504 953 606 1439 
1252 934 971 371 954 60 
1282 739 484 1193 492 1101 1136 1170 531 955 
1056 1127 776 912 625 884 629 1141 183 1177 956 382 
706 738 932 1463 986 1467 957 
398 431 1262 1428 919 764 1245 958 
1158 615 1051 235 556 717 822 408 507 959 
960 547 167 364 826 1115 574 
224 961 512 1334 1207 1436 1309 
576 1280 962 68 485 1078 1241 187 
320 610 963 838 140 1294 849 658 
1347 964 970 527 90 1244 
256 965 1375 12 565 159 
930 966 844 1039 1366 540 
1414 1319 967 202 1461 1275 28 
1185 291 1317 295 968 39 
196 969 173 1135 310 1238 57 
1185 291 964 1155 970 972 527 1371 23 667 
130 1414 616 618 971 954 
38 970 972 527 1392 118 412 
35 901 40 233 973 462 144 913 756 629 987 
34 355 935 1159 1224 106 974 944 213 985 126 1439 
11 975 1432 186 1275 1021 
128 547 1384 111 976 1077 54 280 
929 834 5 877 1390 1456 977 823 155 1151 
352 1185 837 1317 978 573 
35 1209 1256 169 600 979 1300 629 438 1015 88 121 
513 1030 839 361 12 82 980 1076 1375 
929 1185 323 548 981 538 
98 1059 1355 566 342 982 922 
1198 1148 787 1398 983 1434 91 380 383 
2 1030 268 209 984 1020 
355 1027 935 974 175 944 985 
738 707 591 1136 306 986 443 957 
1253 233 973 1172 759 154 987 
161 15 1299 1427 988 222 703 
608 41 363 78 1328 248 989 
930 556 335 181 1337 990 
1250 451 739 1282 134 1311 331 1203 1210 1213 991 
992 1440 802 1353 748 848 760 189 
993 1040 1009 1330 917 127 
994 207 1362 404 116 921 
995 1030 12 1295 1076 1020 
1025 420 996 36 484 392 1320 618 746 1476 1455 1106 1204 631 604 223 
997 1352 1129 778 522 210 
676 421 998 168 1041 58 
359 999 431 16 369 919 1245 
705 1000 1193 1290 493 1183 
1001 844 1132 1077 374 280 
384 3 1002 11 212 1432 186 1275 1021 
1003 1424 914 1109 150 407 1048 542 
1004 276 662 695 1308 159 
805 1419 1005 1357 303 467 1149 152 413 
616 105 364 1006 436 1115 1023 
1030 1418 12 1007 1329 565 951 1375 
576 835 841 842 1008 86 55 125 
993 194 1040 1009 1139 127 
800 903 938 1354 1010 531 1147 
643 1028 1125 1350 1482 1011 
897 1121 395 49 1012 508 
1222 712 45 1389 436 1013 
515 1355 657 52 149 1014 442 
233 811 979 820 1015 248 889 315 
930 844 47 591 50 306 1047 1016 315 540 
386 1450 716 80 336 561 852 1492 1017 
832 1184 1312 804 1105 242 1018 
705 1220 1193 493 433 1019 
6 1030 393 1162 907 12 1293 1418 911 1295 662 1304 666 26 161 419 807 680 809 42 1067 1325 174 942 1074 1076 53 565 58 1469 70 76 1356 340 984 1246 1375 995 748 760 1020 511 
3 1002 11 975 212 1432 186 1275 1021 
1056 524 1180 1022 439 440 698 732 478 
547 105 364 1006 926 182 1115 894 1023 
1024 102 1359 659 1147 1116 
1025 996 873 591 306 120 223 
1057 1026 458 715 716 1492 
1027 805 175 816 985 94 
1028 1125 1257 523 1011 1459 537 1148 
417 1029 1095 78 1306 283 
448 353 1089 995 1283 1030 585 12 143 1007 980 984 1435 1020 1086 1375 
1412 1221 1031 1132 1393 915 312 
1254 1032 1418 555 844 653 1039 
446 69 133 1033 841 43 204 173 780 1133 1135 945 530 851 1355 1237 1078 343 30 
1312 801 1034 395 1202 214 120 379 157 
866 899 682 1035 1077 600 1080 635 285 
647 456 1036 786 19 947 54 
323 67 906 1037 145 1431 
1378 291 39 1038 92 1342 
482 102 966 456 1032 844 1039 668 
993 741 1040 760 1009 117 917 472 762 445 127 
357 998 941 526 1358 1041 1330 
482 1322 177 1042 1271 799 
769 930 390 1043 1461 215 634 922 
1188 326 10 1425 1138 147 1044 1365 1276 
99 202 1045 280 1080 763 
1385 1070 1394 1046 1437 734 
293 878 1047 727 1016 543 
1289 1003 664 150 1048 1435 
677 720 1171 277 1367 1049 380 702 
1220 875 719 84 1050 1499 381 
576 835 772 1158 615 822 507 408 1078 1051 30 959 
737 1163 303 1140 53 1052 
482 1247 1314 1322 495 177 947 59 1053 799 
1475 710 687 148 1173 1054 1310 
577 8 139 683 307 21 1055 
1056 324 1286 846 956 1022 
1057 386 1026 1450 716 1492 862 
1058 131 329 810 751 593 501 1179 
1312 1059 337 1202 468 982 474 157 
897 1186 1060 654 368 216 729 
227 1061 1477 337 628 468 793 1087 
1089 1474 1284 1062 12 1356 399 630 1373 1375 
1280 1063 1101 243 854 893 
1064 841 1420 1182 1406 351 
320 584 1065 142 1199 1458 603 
868 645 1066 850 946 282 1119 
1216 6 137 1418 1067 1356 1397 1020 
482 1445 870 1068 844 850 
1124 357 1418 12 333 1069 565 757 
1070 1394 1204 1046 1437 734 
1478 41 1071 529 83 248 891 
1406 259 43 780 1072 446 
905 362 1290 623 1073 889 
137 393 12 1074 1020 1375 
1163 1453 46 1075 22 503 
995 676 678 487 393 585 1162 12 1076 980 1304 1020 158 1375 
899 4 262 1035 280 793 794 804 1077 693 821 1080 62 844 77 590 976 1107 600 863 1248 227 100 1384 361 1001 619 1132 374 1144 1145 890 891 1279 
962 835 1033 43 1078 343 1051 
1441 709 104 1433 428 1079 247 953 
899 804 536 1035 1107 1045 1077 1080 
1463 777 1164 501 470 1111 1081 1467 
1091 41 1260 279 88 1401 1082 
64 928 1415 1416 785 820 1110 855 1083 1116 
1410 100 240 464 1084 1405 
224 873 81 1213 1085 1183 
448 2 1030 12 1174 1303 58 1086 1375 
480 1061 208 337 817 345 1087 
1088 480 645 682 1261 468 1269 89 
1089 66 449 644 1157 166 1030 1062 73 1094 1304 12 1375 1345 1268 887 888 159 
1090 359 1258 431 241 1396 1428 919 764 1245 
1091 550 743 853 889 1082 
482 1092 900 495 177 180 
1093 943 1330 339 821 1461 666 
1089 1094 1329 948 951 888 253 
417 549 1029 1095 1289 363 1292 429 78 1484 242 696 601 222 
1281 772 1223 1096 649 273 1336 602 125 
325 135 1128 1097 428 1213 
677 646 1098 48 113 702 
99 35 4 327 743 1099 562 183 763 831 
705 358 599 1355 1100 1296 1143 
769 773 1063 492 1101 207 1333 281 921 955 797 1215 
7 423 266 237 1102 429 686 402 1491 469 860 
450 549 1222 1289 558 1103 208 880 1307 1489 84 696 1497 251 
1156 1384 590 367 1104 1358 1234 
736 1184 1105 754 596 1018 
36 996 1476 392 1320 1324 1106 
804 847 1107 1077 1080 829 
684 12 884 1108 505 1375 
737 674 1154 1003 463 1109 407 475 542 
1315 1287 1115 305 1461 1110 826 1083 
820 725 470 1111 633 1081 
546 802 748 1112 410 189 
357 203 652 557 789 949 1113 1370 
67 292 1444 840 845 1114 
960 547 1315 167 616 105 172 45 364 1006 1230 1360 1110 1175 1464 826 1115 1405 926 1023 
1024 226 1414 647 1147 785 371 1142 1083 1116 
932 1417 305 500 375 1117 
930 1416 905 1334 1275 1118 
930 582 1222 1066 1229 850 1119 
1120 1442 263 14 528 287 
1121 579 712 395 108 334 878 176 1363 1012 185 
1122 482 708 1323 1496 894 
1315 1123 1413 1414 1275 574 
1124 394 1196 1069 1266 793 
1028 141 655 787 1301 288 290 292 1198 311 953 1481 845 606 1380 1125 232 879 1011 122 1278 
288 1313 1317 1126 1160 171 143 1392 277 1367 638 
583 1127 776 394 525 625 1372 956 382 
325 1445 135 1128 392 618 1097 428 1394 1204 223 
354 997 1352 1129 778 522 210 
1472 101 168 489 426 1130 652 941 1234 757 1205 700 415 
482 36 1131 844 177 280 
312 482 4 1221 1412 1031 1001 1132 177 1137 915 1077 374 280 
133 1033 43 173 1133 1135 273 530 343 30 703 
1155 1317 200 365 1134 143 1364 1431 
133 969 409 1033 173 1133 1135 310 1238 57 1406 351 
707 484 955 207 1136 405 986 539 
832 682 1132 1137 535 93 
10 1425 1138 1044 1365 1276 
160 194 228 1009 466 1139 372 533 1430 1399 445 127 
832 78 144 1140 1401 1052 414 
99 912 1141 183 600 956 
833 258 514 647 1319 781 497 211 372 309 1142 151 563 1116 1309 
480 1226 1100 1198 1232 1143 
768 804 167 1077 1144 793 317 
1145 682 1077 793 345 62 
32 1378 291 39 1371 1146 27 
1024 1165 1010 659 1147 1116 
1028 551 1257 1226 525 983 1434 1148 
581 805 940 1005 1357 303 467 152 1149 413 
1255 663 554 1239 541 1150 
201 877 1390 1485 1456 977 338 692 823 1151 
1152 678 298 1482 52 922 412 
1153 677 646 1383 300 48 113 1335 1240 92 1342 
1154 1109 475 407 251 542 
1313 578 1155 1317 7 970 1134 338 1364 730 90 380 
1156 869 393 1418 12 1104 58 1375 
1408 257 1089 1157 839 276 1303 473 
576 1158 615 679 1051 556 717 1327 822 507 408 187 959 
742 1159 974 1233 94 1439 
1317 1126 1160 277 1367 538 158 
1345 482 1464 1496 1161 344 894 
2 1162 943 1076 1020 1375 
484 712 1193 650 1163 1075 1052 
454 103 329 1164 950 1463 1081 
740 1165 336 693 1334 1147 158 
1380 1166 1198 336 1495 376 92 
1167 176 1265 373 87 1241 
482 67 844 1229 1168 817 275 
1281 1223 1169 273 278 1305 602 1181 94 
1282 484 568 1170 179 504 955 
5 655 720 1171 1049 155 
99 260 1256 233 847 1172 759 154 987 831 
1475 710 687 1266 531 148 1173 1054 
2 12 784 721 1174 1086 1375 
668 198 486 934 1319 1416 1291 844 1229 60 1360 1339 724 886 1175 313 1115 28 61 
248 901 41 1328 1176 1401 
327 808 1397 1177 1243 956 
802 741 234 848 948 117 598 1236 1302 1178 189 
706 1058 751 1467 1463 1179 
732 524 1022 439 440 1180 478 
555 1169 406 1368 1242 1181 542 607 
835 552 841 1064 43 1327 1182 351 
1191 1000 1193 650 493 433 568 1468 1085 1183 
1184 804 614 1484 1105 1331 1018 
1185 578 929 1347 837 294 1317 968 970 171 651 338 403 978 981 790 1371 699 573 
1186 1060 527 368 216 729 
1187 356 1448 219 1403 629 438 889 347 
1188 10 1425 1044 1365 1276 
225 1409 1189 1387 183 536 
357 1190 902 394 586 750 757 
1191 264 1193 650 460 493 110 1426 179 1468 1183 
1472 1249 1192 168 941 560 626 564 534 153 415 
96 705 484 1019 264 1193 650 1000 1163 493 1191 179 955 1468 1183 
1472 1249 101 168 1194 560 626 534 
96 1283 1252 1195 396 276 
195 1124 583 424 680 394 937 1196 76 526 943 400 1330 499 565 1246 255 
868 1223 588 1197 1235 891 318 
1125 1166 1198 1232 983 1143 
584 1065 458 938 1199 148 22 
99 521 462 847 1200 756 661 183 829 
898 1410 614 490 1323 1201 146 1331 1433 
1312 801 98 1059 230 1034 1202 157 
1311 134 617 650 814 1203 1210 188 991 
385 392 1417 524 1433 1437 420 37 938 1324 1070 1331 1204 570 1476 455 604 734 223 97 1377 996 1128 618 1394 631 
168 489 1130 652 1205 700 
643 1350 205 830 914 1206 606 383 
961 1441 938 1334 1207 1309 
160 832 363 1328 242 373 1208 25 
1248 912 881 979 1300 600 1209 
770 1311 134 650 814 1203 1332 1210 188 1438 991 
672 896 933 806 391 199 170 494 1263 624 599 1211 220 861 447 
614 392 146 1331 916 1212 572 223 
224 1441 164 135 1097 1385 398 1085 916 1213 991 
416 869 1381 743 1242 1214 
1443 773 492 1101 207 1362 281 921 1215 
1216 487 1418 1067 1356 58 
1217 453 1290 1432 186 1436 
1218 1346 8 136 714 1225 44 1407 
1219 549 901 169 558 88 601 
1220 230 1446 878 1265 761 89 1050 1019 477 318 95 
1412 1221 1031 1132 1393 915 312 
1222 109 686 1103 880 242 84 1013 474 1119 
1223 1096 1197 302 367 1169 
355 935 1224 974 944 126 479 
1218 1346 8 1225 136 714 44 620 1407 
352 1376 551 1226 427 1232 689 628 597 1143 311 1493 314 1148 
579 549 165 1286 1227 397 111 1340 
100 1228 1422 665 828 1405 
418 482 1416 1229 1168 1360 1175 1275 1119 
896 547 105 682 1230 826 1115 
353 1314 1231 304 853 121 
480 809 1226 1198 1232 1143 
34 163 866 1159 681 106 109 1233 213 1402 636 
489 1130 1104 1234 700 93 
868 842 588 1197 946 1235 1300 
388 741 1236 117 598 1178 767 
69 1033 780 1237 181 446 351 
196 969 204 1135 310 1238 57 
1255 936 554 663 1239 541 1150 
1153 354 677 646 48 113 1335 1240 
962 549 1259 397 1167 176 1265 87 1241 
36 1417 1354 428 844 1242 1181 1214 
35 675 901 1343 1479 40 169 233 520 908 558 1265 402 1300 438 1177 1243 477 318 95 
964 90 778 758 730 1244 
270 16 1428 919 925 289 431 1460 441 569 958 1470 1090 1245 359 999 1258 241 369 1396 119 377 764 
680 586 12 1196 174 1330 565 378 1020 1469 1246 
482 1388 621 59 1053 1247 
1248 35 912 1364 1077 600 1209 
1472 1249 101 168 1192 1194 941 153 
1250 1438 331 991 349 190 286 
1251 296 465 917 567 217 762 
96 1252 934 1195 688 785 404 724 954 60 895 
1253 678 1449 1482 685 1487 154 987 1341 
1254 1032 236 461 238 500 280 
1255 936 554 663 1239 541 1150 
871 1256 140 272 881 979 1172 
1028 551 1257 523 1459 149 1148 
1090 1258 431 1396 919 1245 
417 549 360 682 1259 784 1241 156 
41 1306 1260 78 83 756 279 1401 1082 477 
480 1088 322 645 1286 1478 682 1261 719 468 89 
1316 1386 1262 592 81 1457 571 444 958 
896 933 391 170 1263 624 1211 220 
1442 899 263 1264 636 287 
1220 1167 1265 373 1241 1243 
387 1124 1475 583 424 526 622 1266 691 565 1173 887 952 1273 1370 827 1372 255 
672 933 199 494 1267 861 
864 1089 66 1375 73 875 12 1268 948 918 319 
1088 164 295 7 555 1269 535 
421 71 1418 1270 918 58 511 
160 800 296 267 208 1042 1271 
229 298 843 559 593 818 1272 
865 162 583 750 526 1266 1273 827 
352 2 232 82 473 1274 
384 3 356 453 1123 967 1414 905 202 11 1002 269 1229 975 563 212 889 1275 1021 1118 
1188 10 1425 1138 1044 1365 1276 
673 519 839 82 473 1277 
261 1125 232 1481 311 1278 953 606 
805 1369 812 1077 537 1279 
1280 192 962 68 485 1063 
1281 772 1096 273 274 339 1169 1336 602 94 
416 1282 739 422 1170 440 955 991 
2 1283 1030 839 585 842 1195 473 1375 
1284 36 1062 392 553 1417 
705 930 1285 134 1332 1311 
1056 1286 555 1227 397 45 1261 274 191 
1 1315 1287 1386 785 371 1461 1110 184 
609 1288 749 879 17 856 122 1342 671 
608 1095 1289 1103 880 242 1048 222 
1217 1413 1000 1290 362 1073 1458 508 1309 
512 482 1291 171 1360 1175 
832 417 1349 1095 360 682 1292 274 1337 
930 741 711 1480 1293 304 117 662 1020 767 
320 963 230 1294 849 658 761 
995 393 1418 12 1295 442 1020 1375 
1312 801 579 358 1355 1100 1296 791 250 157 
35 901 1343 880 1297 629 124 733 95 
263 14 15 1298 1299 1427 287 
256 326 15 1298 1299 1427 988 733 510 
227 868 946 979 1300 1235 1494 1209 1243 
1125 295 232 843 845 1301 1431 411 380 
234 459 20 598 1302 1178 
3 1157 743 839 1303 1086 
1089 1418 12 1076 1304 1435 1020 
320 610 838 584 140 849 658 1169 1305 
321 450 1029 1401 1260 558 78 686 722 920 601 1306 
549 686 1103 1489 84 345 1307 381 
839 457 1418 12 1004 58 1308 253 159 
33 833 961 637 1413 647 1290 269 623 401 211 1142 1207 889 1436 1309 
333 687 1054 887 1310 159 
705 1311 1285 134 1385 79 1362 1203 1332 1210 991 
1312 801 98 1059 804 805 1034 1355 271 175 1296 1202 437 1018 157 1471 
1313 1155 1126 1364 1367 730 90 380 
1314 879 688 1231 595 1053 
1123 1315 1287 1110 1115 317 
224 481 1316 331 747 1262 81 1498 
1155 1160 143 656 667 288 1185 1317 38 298 171 685 430 434 573 830 578 968 336 338 978 609 613 1126 238 1134 1392 500 
1318 300 559 753 277 85 1367 632 
260 198 967 1319 1360 1142 1175 
996 36 1320 392 1324 1106 
931 1321 302 304 316 575 
1322 177 1042 1369 1053 799 
1122 490 1323 496 593 1201 950 471 1338 
416 130 642 580 900 392 1320 1324 497 1106 1204 223 
70 1353 1325 565 760 1020 
872 1451 1326 471 379 158 
576 835 1158 679 231 204 780 1327 1182 
160 608 832 72 363 1328 242 1176 1401 989 1208 
1094 1418 1007 1329 721 951 888 253 
387 526 911 1041 789 26 927 161 680 937 1196 943 1330 565 1469 195 1093 583 328 73 586 1480 76 727 1246 864 993 621 1391 499 378 
1184 614 1201 146 1331 1204 1212 223 
224 770 1285 134 1457 1332 1210 188 1311 
492 493 1101 207 1333 1368 
512 961 905 1165 401 594 1334 1207 1436 1118 
1153 74 277 1335 632 1240 
1281 69 1096 555 1336 379 125 
930 1292 1337 1499 990 607 
642 709 938 1323 1338 572 
1411 28 1360 1175 1339 668 
1473 330 1227 337 1340 93 
193 1253 1351 1449 13 432 1341 
1153 1288 1038 17 277 118 1367 122 380 1342 
35 1343 40 1297 402 1243 733 95 
1344 2 644 457 923 1375 
448 1345 2 1089 839 1161 82 1375 
1218 1346 136 1225 44 461 1407 
1185 1347 964 201 298 874 338 692 245 730 667 
1348 646 775 559 277 1367 
417 1349 549 1292 461 176 157 
643 1350 205 914 1011 1206 830 
193 1351 1449 13 432 1341 
997 1352 1129 778 522 210 
992 546 802 1353 1325 848 760 
1441 325 1242 1354 938 460 1385 1010 1368 698 1373 893 190 543 
1312 68 358 1033 1355 1100 718 1296 982 599 1014 
1216 419 6 487 711 1062 1375 1067 1356 1418 911 304 927 58 1020 1469 511 
1381 940 1357 1005 303 467 1149 152 474 413 
482 813 1358 1104 1041 690 
1024 1359 660 214 24 924 
668 198 486 934 1319 1416 1291 844 1229 1360 1339 724 886 1175 313 1115 28 61 
1382 74 874 1361 790 632 411 639 
705 769 994 1311 1443 493 207 79 1362 1215 
1121 579 293 878 176 242 1363 791 
1248 1313 1155 1134 1364 52 730 669 
388 1188 10 1425 1138 1044 1365 1276 
966 873 591 306 1461 1366 540 
1342 1313 1348 677 646 775 1126 1160 1318 300 559 723 277 118 1367 380 1049 92 702 
481 769 774 938 939 1354 1333 1368 698 1181 
162 805 904 1322 1489 84 1369 506 379 1279 
1376 449 585 427 557 526 1266 1113 1370 
32 1185 1378 291 294 39 200 970 1485 1371 403 1146 27 
1127 525 400 1266 499 1372 
704 1062 1354 786 726 1373 
357 1480 941 564 757 1374 
1283 1156 6 1030 137 393 1162 12 268 653 1295 1418 1174 666 923 1062 809 1074 1076 53 565 695 1086 319 1344 449 1089 1345 836 965 70 1356 721 980 1108 1375 1379 487 876 1007 498 1268 1400 505 1020 253 
1376 1226 427 1370 468 314 
1377 37 938 1204 570 701 
32 1378 291 39 1419 1038 1431 1146 1371 
2 1379 426 12 53 1375 
544 1380 1125 1481 141 1166 1462 247 953 606 
1381 1419 1357 730 221 1214 
294 1382 7 874 779 1361 790 667 699 670 
1153 1383 138 657 1398 857 
869 1384 367 976 1104 1424 1077 183 345 
1441 134 1385 1354 1046 1213 1311 
1287 1386 1262 592 571 444 
866 163 1189 1387 824 1402 
357 713 1418 1388 333 12 621 883 342 566 952 505 827 1247 
640 867 1389 436 1013 479 
265 877 910 1390 1456 977 823 1151 
389 328 621 1391 1330 127 
452 1317 1126 972 1392 882 1398 
930 1221 1031 1393 188 732 
223 898 1410 104 1128 1070 112 1394 146 1204 1046 504 1433 701 1437 191 
227 520 908 1395 794 763 62 
289 1090 377 1258 369 1396 919 1245 441 764 925 1470 
515 327 488 1067 462 1397 1177 
354 291 452 1383 1392 657 1398 983 857 380 383 
160 194 228 466 1139 533 1399 
583 394 12 526 1400 1375 
1306 1260 1484 78 1328 83 1140 920 279 248 1401 1082 1176 
736 225 65 163 866 1409 744 681 1387 109 367 529 1233 824 1402 283 
1187 774 1448 502 889 1403 
192 515 326 582 491 366 115 52 787 121 1404 
547 100 361 1228 464 1115 1084 1405 
259 1064 43 1420 1135 1072 1424 532 86 310 409 284 1406 
1218 1346 1225 714 44 1407 
1408 546 676 1157 82 476 
1409 225 1189 272 1402 829 
1410 419 490 464 1201 146 1394 1084 
1411 483 456 589 309 885 1339 
865 1412 1221 1031 1132 915 312 863 
1123 1413 774 647 905 202 1290 401 1436 1309 
1123 1414 967 971 1461 1275 1116 
64 1 102 1415 1416 1083 785 435 246 855 184 731 348 
64 198 1415 1416 1229 1360 1175 313 1083 1118 
97 223 36 580 1284 455 631 1417 553 746 1117 1204 502 375 1242 443 29 191 
1156 1032 393 1418 12 653 1295 918 1304 666 923 1308 159 937 1067 1069 942 1329 565 951 58 1216 449 711 1356 721 1375 1388 1007 498 1270 505 1020 
32 1378 1381 1419 1005 221 
259 772 133 197 1064 841 43 1420 532 86 55 409 284 1406 703 
516 484 773 617 1421 281 
587 1228 1422 244 665 828 
611 488 1423 815 114 308 859 
1384 1003 1424 177 150 278 1406 
388 1188 10 1425 1138 1044 1365 1276 
1191 650 493 1426 568 1468 
290 15 625 1298 1427 372 595 1299 215 988 
1090 398 270 919 369 1428 119 764 1245 958 
164 112 243 1429 854 56 
160 801 242 1139 533 1430 
544 1378 39 906 1037 1134 1301 1431 
1217 1002 11 975 212 1432 186 1021 574 
898 1445 112 1201 146 1394 660 1204 1079 1433 1498 893 223 
869 551 906 525 787 983 1434 91 1148 
1304 1030 664 1048 1435 831 
961 1217 1413 647 781 401 594 275 1334 215 633 1436 1309 
1070 1394 1204 1046 1437 734 
1250 1438 134 1210 349 190 
709 1159 974 530 247 953 1439 
1440 992 63 189 760 509 607 
1441 769 834 164 5 1385 938 1354 524 1079 1207 155 732 1213 190 
1120 1442 263 14 528 1264 883 788 566 287 
769 1443 207 1362 921 1215 
290 67 1444 452 1114 840 265 75 910 178 314 638 
1445 870 1128 1068 146 1433 893 223 
708 1220 1446 912 881 438 477 510 
1447 749 246 313 348 286 
1187 774 1448 502 889 1403 
193 1253 1351 1449 13 432 1341 
1057 386 740 1450 716 336 1017 252 
418 872 1451 1326 275 889 831 
1452 50 309 503 664 222 
1453 46 909 371 1075 405 1461 503 249 539 
704 646 74 1454 48 632 
484 996 1455 177 631 440 
929 877 1390 1485 1456 977 823 1151 
134 46 1262 592 81 1457 1332 215 444 571 188 286 
1065 1290 49 1458 603 508 381 
1028 936 1257 523 178 1459 537 638 
398 241 1460 119 569 764 1245 
930 515 419 1093 1414 967 1287 749 909 1453 305 1043 1461 405 1110 1366 571 539 
288 544 1380 107 1462 1495 
706 1164 239 501 470 1463 725 1081 1467 1179 957 
1496 105 458 1161 786 724 1464 1115 894 
716 206 1492 825 1465 254 
376 815 1487 308 24 825 1466 859 
1463 706 843 1179 957 818 501 470 725 1081 1467 221 
516 1191 264 1193 650 460 493 110 1426 179 1468 1183 
1356 1330 565 1020 1469 1246 
569 369 1396 441 1245 1470 
1312 801 98 437 471 157 1471 
1472 1249 101 168 1192 1130 1194 652 941 399 560 626 564 153 415 
1473 197 409 532 86 55 121 1340 
1474 1062 457 399 82 56 735 
1475 710 687 1266 148 1173 1054 
996 1476 392 47 1106 1204 604 
1477 166 1061 562 793 765 
868 645 1478 682 1261 1071 946 735 
35 901 1479 169 682 1243 
357 902 1480 937 203 12 1293 622 1330 342 566 1374 255 
257 1380 1125 1481 172 1278 953 606 
1152 1253 1482 1011 52 597 
2 71 1483 666 58 253 
1184 1095 1484 558 242 1401 
32 291 295 1485 1456 1371 27 1151 
503 1486 724 885 727 831 
288 544 1253 655 1487 1466 
928 903 392 46 1488 502 
1497 1103 1489 84 696 1369 1307 
389 425 750 625 1490 23 762 
142 750 1102 402 1491 860 798 
1057 1026 107 716 1465 206 1492 245 1495 1017 254 
1226 178 597 1493 314 91 
513 868 361 946 1300 1494 
386 107 206 1166 561 1492 1462 1495 254 
1122 547 1464 105 458 1161 364 786 724 1496 894 
549 78 1103 880 1489 1497 156 
224 481 545 1316 524 1433 1498 
391 9 875 1337 1050 1499 
