50
14
93
49
130
30
14
50
18
124
119
25
72
62
11
154
163
70
50
65
62
30
13
40
80
63
76
50
30
14
119
92
30
63
159
62
126
119
87
128
145
63
146
3
25
148
163
161
69
152
62
63
147
22
133
121
30
31
61
145
118
13
154
66
163
153
142
83
25
120
62
130
143
163
135
40
152
18
143
41
30
163
33
63
13
77
69
152
13
58
55
135
138
119
156
13
112
103
155
52
24
6
42
121
163
13
144
119
119
42
85
155
25
30
67
82
69
66
81
163
18
15
142
147
1
38
58
92
25
65
133
61
17
30
41
119
147
12
30
18
12
91
163
165
62
94
25
93
135
30
119
18
140
142
63
163
17
48
11
109
64
66
72
45
119
13
18
24
30
145
56
103
119
119
79
163
152
48
139
42
12
126
28
54
52
46
86
132
41
66
135
19
82
118
66
147
81
147
153
24
51
30
11
161
144
33
6
162
13
18
30
140
42
159
140
17
120
145
156
143
33
50
13
42
134
119
69
159
13
40
1
119
104
63
66
77
17
155
147
148
24
163
63
163
14
147
107
53
145
134
13
163
17
130
30
42
57
119
145
93
17
30
28
11
85
40
155
13
18
11
163
154
1
6
51
94
147
69
19
145
30
14
18
163
155
163
125
11
147
163
118
147
155
132
147
119
94
66
50
152
8
147
7
81
62
130
42
69
30
40
162
161
65
90
126
17
7
100
135
58
163
51
1
77
11
78
134
82
66
92
65
125
1
17
119
166
6
126
128
119
13
30
141
30
65
154
119
11
107
67
143
77
39
28
36
103
48
69
150
163
134
126
63
62
11
47
63
77
118
163
147
63
13
119
65
18
36
163
13
148
30
13
11
65
125
53
119
42
134
54
30
81
68
25
163
67
147
152
65
154
94
63
111
20
38
70
132
51
163
70
66
133
81
6
83
147
52
51
130
78
23
61
63
31
42
54
22
30
23
119
82
163
40
103
55
60
52
119
145
28
163
67
28
6
30
13
135
24
63
42
152
134
63
152
50
168
135
48
145
54
13
28
62
51
0
94
13
127
126
155
6
17
63
139
93
51
134
145
155
19
126
134
145
105
63
28
159
42
82
28
11
30
14
163
25
3
17
11
126
82
82
155
11
13
161
28
65
149
64
63
152
87
42
18
11
77
41
132
53
18
167
145
142
21
98
89
14
6
11
62
13
135
30
63
69
119
134
22
81
30
93
17
51
115
119
93
54
72
30
13
51
49
120
18
163
120
163
159
63
40
6
30
135
145
114
94
126
13
41
163
67
63
3
50
11
116
30
159
91
13
117
163
134
161
168
58
87
21
11
105
163
129
163
119
164
63
93
103
66
150
145
63
82
48
168
147
83
108
13
82
65
128
28
105
119
149
91
41
100
13
25
17
42
11
63
92
159
13
49
145
154
52
8
11
70
48
119
11
42
40
86
12
117
20
17
126
30
63
77
163
41
155
49
101
132
128
30
135
117
47
80
143
62
49
63
18
130
30
100
81
77
126
101
81
51
83
134
61
147
27
145
144
48
159
28
82
13
11
17
20
65
18
119
103
131
76
13
13
160
30
120
30
147
63
131
41
119
30
152
103
21
121
103
18
91
84
84
72
126
126
30
1
28
38
28
36
81
17
126
142
81
14
119
155
119
103
41
51
6
65
119
66
17
61
88
134
125
63
92
63
54
30
63
163
41
13
143
28
50
30
63
93
66
11
163
126
82
66
18
63
41
48
30
14
87
148
17
17
30
163
86
126
155
1
17
24
163
72
4
42
8
18
54
22
163
13
135
41
135
13
54
149
63
53
138
142
29
54
126
18
65
136
63
2
14
6
19
126
155
1
11
104
49
8
140
147
104
12
126
74
20
45
54
12
119
119
51
82
65
5
63
133
154
133
94
133
11
163
62
76
83
45
30
63
163
158
26
135
51
119
111
24
154
65
47
65
103
28
126
45
144
1
11
5
38
134
17
119
30
96
13
147
82
141
28
69
103
42
93
119
18
157
133
13
101
65
21
152
102
11
12
62
2
65
56
83
110
155
167
105
40
11
30
145
12
143
63
66
18
163
143
41
77
51
101
163
12
93
56
128
94
30
14
149
13
155
91
104
135
54
30
162
62
168
14
163
18
30
154
18
131
1
163
72
135
14
112
147
14
43
23
23
152
93
55
57
93
11
30
25
50
154
50
66
163
163
163
30
8
54
18
8
93
72
18
130
6
62
64
13
9
42
54
54
38
18
42
50
61
163
11
65
11
51
148
152
154
1
61
13
135
20
120
25
25
5
42
147
54
17
145
140
125
45
11
113
91
117
159
54
163
143
42
17
163
48
67
128
77
162
66
61
13
22
156
18
61
17
135
82
105
30
18
145
11
159
25
163
61
51
120
126
91
34
119
92
18
144
109
163
30
63
127
13
144
63
72
126
119
25
51
6
63
94
0
105
17
126
126
159
163
17
12
79
93
83
6
19
148
163
150
14
31
13
17
161
19
122
28
51
33
11
62
72
76
14
54
30
42
16
11
30
152
13
122
42
147
17
125
6
82
97
111
163
47
30
30
95
163
13
63
103
63
36
119
33
120
11
36
45
154
50
30
135
51
147
100
18
64
12
47
30
81
145
128
161
147
152
98
51
42
61
103
18
163
30
145
147
66
30
30
51
100
153
38
77
119
13
156
125
47
153
30
14
6
37
22
49
82
133
63
115
134
41
62
120
42
63
63
30
41
129
44
163
45
41
101
153
12
13
30
83
13
59
135
4
20
13
0
69
48
145
153
144
121
45
92
38
140
77
163
152
45
62
55
163
145
13
163
127
125
62
28
82
61
87
103
20
163
152
145
126
41
130
154
119
159
75
104
50
61
54
133
18
73
52
10
22
32
133
137
6
11
126
115
41
132
49
71
13
92
101
145
66
1
100
83
63
11
152
25
133
92
154
25
18
143
13
130
63
151
41
65
147
90
168
133
147
154
63
154
142
13
11
19
54
124
19
13
1
159
30
41
11
14
145
120
141
86
82
25
63
82
145
48
103
28
50
121
132
20
92
30
63
135
93
101
97
154
80
106
147
41
132
81
119
48
142
48
30
12
6
163
11
103
23
49
119
30
22
8
128
147
30
19
125
119
163
99
105
40
159
30
109
14
2
163
30
93
13
18
13
123
11
42
0
147
17
163
30
11
48
65
63
11
14
23
25
61
61
163
41
154
30
17
134
41
13
163
119
119
47
23
125
45
35
63
67
125
29
63
135
11
134
40
125
92
14
11
163
30
11
63
105
50
163
131
41
13
21
163
1
145
38
101
147
131
145
163
65
119
154
30
142
126
161
119
11
18
1
45
133
82
130
63
155
17
153
125
13
13
74
104
101
18
6
101
13
132
124
