1552 
2395 513 
180 1999 
1648 
908 611 
684 427 
2157 1797 
2695 2182 
1166 
177 2619 
2191 356 523 
2147 2361 
2427 143 
281 536 
2434 245 2589 
1826 
179 2158 546 189 
793 
277 651 
2679 836 
1993 
2024 1880 
906 2592 12 1416 
2764 39 874 2525 2437 
1880 
1646 2150 590 
2530 143 
1265 37 
216 1013 319 
262 1492 294 
935 2570 
2315 2218 2481 
868 2662 2537 1440 630 1325 
2734 37 
260 1418 
572 1683 
2671 2160 531 2396 570 883 1162 491 2671 
579 1764 155 
1575 1498 
2746 2459 
1858 1000 1168 
2761 2294 
1049 
2498 1197 142 1039 
699 1286 
2116 1624 
1404 
4 1625 1147 2772 
2698 757 
1608 2471 331 1698 1423 1980 
2230 2633 
1574 978 1957 885 1834 
2578 2762 
1985 2556 2344 312 
435 292 300 
469 231 
1589 
1900 2217 2037 977 2197 
1049 820 
1421 2297 468 
2639 496 
2657 107 
1818 1755 1300 
1583 
2627 
1793 
1610 1769 848 1464 432 
1140 1985 2429 2061 915 1512 1127 1670 1212 2609 2274 2429 2061 
2635 511 2529 1844 2633 
102 118 1419 2049 2277 
2611 1233 165 
90 1137 267 638 
980 52 2447 
2020 2550 
3 1175 1319 23 1194 2315 2568 1864 1864 1864 583 799 1867 1867 378 722 583 429 740 2570 2213 1809 2164 2220 1256 1196 1780 
1518 
2419 1903 2510 1972 
837 1287 
1817 
1256 
2324 
1170 
2362 2570 
1646 2150 
390 1604 2533 1162 2671 
1753 2595 2711 384 719 2010 
2125 629 
90 1137 267 330 
533 2083 1252 
1898 1417 132 
543 1093 1086 
1634 2573 
1961 
78 1207 2429 
2363 2754 
1753 719 
2083 2134 533 
655 947 395 
1615 
496 
1784 1629 
2456 1348 1460 
2677 300 
938 1179 
1439 513 2349 
1601 134 
1633 1590 1673 
982 1750 1793 
4 1763 
2627 
366 1753 
1595 1152 
2215 533 421 2458 350 
2473 1633 
1645 
619 189 
2639 496 
22 
2120 558 
608 189 608 189 
1961 
1634 1724 1242 
785 1923 532 2490 2379 119 263 
978 1957 1696 1834 1776 
991 383 
450 235 1439 
2401 
1898 223 820 
1173 
1295 296 1507 
804 737 2633 
1101 253 
2193 783 1094 1174 1216 597 2578 1549 2599 
1120 843 
2473 
1450 1199 2728 2346 
667 417 
2289 2362 
1864 
449 657 
2631 2698 
2026 203 
715 901 
329 32 1998 934 
893 739 
2142 
1652 2172 
2649 1562 706 248 
2627 1045 
261 261 
1255 
1559 812 
2678 2698 
774 82 
2407 836 2752 
494 319 
1896 2602 
1309 961 
1206 2299 
653 335 212 2602 
1602 908 959 
684 2601 2693 
863 539 335 
1096 2550 
2531 572 1808 
928 
2615 
1403 1421 
2602 
836 1069 2452 464 
660 493 516 707 
2050 314 
2509 
1688 
804 737 2633 2640 
238 671 
2100 2157 
2373 1687 2070 
1686 996 2249 
2150 822 
1173 742 
2378 392 2182 2036 
7 1138 1412 
737 804 2230 2633 
1154 222 
1772 2570 2274 
1602 908 1598 
2570 2722 
2388 364 
886 
2268 1403 405 2127 1287 
2111 1918 2191 
2646 1247 1352 
1045 
901 1056 2432 2323 
1072 1310 
2564 1534 210 
2740 1287 
372 
398 1573 1556 2121 
1864 1188 
1841 1703 
1195 
1256 
55 835 1754 191 
2698 672 
1891 
4 775 
142 
985 2365 2189 
2096 1365 175 2127 1287 
1952 619 189 
937 2635 
1468 1976 
496 2313 230 2639 1794 1312 
2351 2676 826 
1074 625 
552 1304 
1045 
255 2607 2563 
684 620 
625 
1625 1147 2772 4 
2326 2330 
2669 1773 764 
9 727 752 
244 1097 
837 0 1287 
2682 
1403 1404 
2660 1696 163 
765 1842 1650 
2254 1558 
1909 2527 778 
314 2050 
1757 525 1640 
2545 2063 
1092 1979 
2392 1985 
2182 1432 
1160 2769 907 
1497 1269 1331 
1021 
1984 329 1530 
500 2362 2570 
2392 1985 1688 
2180 1102 
717 
906 1382 906 1405 
859 81 
2724 47 
179 546 189 
1403 1882 165 
10 2471 
1353 286 2682 2047 
1047 1746 
682 2451 
1063 2464 
2424 2157 
777 1246 
613 735 887 1856 2382 947 
951 
1594 1063 1403 405 468 
360 1270 
179 546 189 
1694 1308 
1932 2588 1932 2588 1885 
2218 2315 
209 1589 2366 
2022 2635 
1691 1105 
868 1440 
319 540 
1265 2622 37 
69 
871 404 1563 1411 
382 336 862 547 2590 
1330 792 917 1422 1642 
2061 
756 824 
794 1401 479 2005 652 77 
1741 1171 456 1569 
2770 
1260 608 142 1548 1825 
820 
2230 2633 
1233 
233 1729 1752 335 2328 
2613 1474 2692 
1864 1188 
2166 1086 1093 1425 
845 25 
2385 1499 
1117 2374 
1650 1842 765 
2191 522 332 
612 2227 2087 2555 2502 551 270 304 
599 1099 1213 2210 
1375 2484 919 
1207 78 1182 2400 2429 1994 
2248 707 
807 958 
711 723 1278 
2623 1432 2048 
1166 
2604 2674 1211 
906 2737 2608 1342 
2188 835 1469 1944 
922 955 
1313 
1888 
622 
341 432 
1820 
27 1646 908 1721 
1612 
1236 
19 532 
1935 214 1737 1439 
378 586 
1790 2578 2372 
25 228 
95 1104 
2607 255 
2429 1332 
277 623 
2451 682 1818 2233 
1882 1760 
1740 184 2122 
1728 1540 1110 225 
1625 1100 
163 
684 2704 
992 2574 1766 
102 118 1419 2049 2277 
1496 1251 
370 544 2568 
1474 2692 454 2613 
612 357 2555 762 2389 
820 
558 2328 2170 
1441 1839 
625 343 1527 
308 2765 126 2052 537 
309 2327 2665 2552 2694 
625 
2627 
1952 2377 2692 2710 
1744 2061 
1406 567 14 
684 2601 
2118 2440 1553 
2309 1951 905 
1130 2202 
1265 37 
2143 1503 
2008 153 
2171 2191 356 
1128 266 2440 
1092 2309 1951 905 
1953 
369 
2772 
867 0 2616 
1842 
1049 820 
25 2085 228 25 2085 228 
1686 988 2154 2136 2719 
1753 
25 2085 228 2109 
2497 
516 707 660 
2150 908 2315 
558 2441 
1096 
90 
1418 1940 1299 
836 1566 1296 470 
365 1630 
1497 1109 1991 772 
1045 
901 1056 886 1172 2690 901 
327 684 
974 
967 2131 764 
297 
1018 
54 
1126 335 539 
7 
2698 
2321 1806 1749 
2116 1630 2116 1630 
895 496 
1858 999 2247 
2644 832 
1831 52 381 
657 
2366 2355 
2578 
793 321 
2008 2310 
1489 351 2685 
1664 1227 87 
2315 
1497 1078 1937 1943 1548 
2001 1842 
150 1262 
1274 1872 
5 1679 1439 450 
1404 
452 820 
849 
2483 723 1278 41 334 349 339 2399 
1304 437 
1081 1471 1126 2347 1672 2391 2250 1817 472 2718 
192 
2757 369 
2221 262 
2431 861 
1276 1280 
1888 
2166 1425 
1783 319 
1888 
354 1369 1715 1739 990 
2636 1546 
1126 335 
539 1545 
684 753 2612 
7 1412 
7 
2679 836 2229 
785 1923 532 2417 2490 1367 1063 1403 405 468 213 2017 1322 1051 514 1294 1063 199 39 1843 1063 1367 2214 1287 2251 594 1377 610 171 171 2452 460 113 1732 874 1694 770 655 2193 2501 136 
2562 262 
2770 7 
682 2451 
100 
329 
82 82 734 1336 82 2712 2152 2071 1760 
2026 203 
1025 764 
2129 
2746 879 
919 2164 
612 1443 2705 1543 357 
2442 1586 927 2044 2495 
124 596 
612 357 2555 2705 2087 762 
728 1304 
324 816 
1762 0 867 175 1287 
1160 2769 907 
2605 
2404 
2298 1657 1114 
1313 
2623 1432 
1256 326 
1744 1410 
1872 1359 1431 1274 
1381 64 1150 897 1875 125 2242 2701 698 314 
126 1091 255 
2039 
579 1764 155 
612 2087 2224 2034 1443 289 1543 
2157 
1079 
1637 2383 1630 
1753 
25 228 1835 
642 836 
1045 
1092 1021 
807 958 
1688 1488 
2391 1354 
236 901 236 901 
142 1548 
2426 664 398 
2404 1070 
465 1015 
2543 
2606 
2119 1257 298 
250 1366 1560 
1207 
1981 
555 2153 
704 2157 1797 
1606 1714 
1768 1954 
737 2633 
1093 543 1086 
641 2726 1810 
1961 
2271 
2571 574 960 190 2721 1087 203 1015 
2613 1474 2692 
2031 2290 550 
1651 901 
2122 
1954 1768 
2746 
982 
95 1104 
200 
2164 1710 
1753 
2717 2694 
918 
836 388 2229 
338 1210 
1686 1031 
1720 231 
581 
1956 197 
1155 1758 2018 
1782 159 2114 
1049 
1893 532 
40 979 
159 2114 
2153 1487 451 
696 110 1054 131 
2165 2362 
860 373 931 957 
27 1582 1646 908 1723 
1174 
1021 
1473 79 2182 226 902 1282 502 2713 1480 
2766 2244 
1234 2287 2333 213 
338 1210 
2175 1137 267 
1630 2171 
908 587 
1881 1477 1143 1399 
2212 533 
1337 
1148 2174 2584 662 
1017 2205 580 
2070 1687 1738 503 
1056 901 
2498 2362 
2605 
1481 2002 2135 147 
1207 2231 
2138 
837 175 1287 
533 608 
377 
2171 2191 332 
1565 183 
974 
2607 255 
941 1686 1005 1901 
886 901 886 901 
2713 1480 2075 
208 540 
209 1589 519 
210 2302 690 1475 1506 2317 
1437 2095 
1112 591 2089 
208 540 
90 2175 
880 1558 1215 
2279 1639 2491 
1092 1361 1951 
493 1494 
529 
784 2276 2332 1290 946 
2514 2561 
1330 917 1501 1547 
2506 896 
2677 300 
803 
1888 340 
534 
820 
1474 1385 745 
378 586 
646 919 1942 461 2164 2005 
157 1098 
1518 
2126 
2215 562 2212 533 
117 2585 
419 990 
898 1599 2079 
773 
1695 
1850 2692 
868 288 1440 
4 1341 775 
1131 533 2368 596 
671 
628 2255 
325 1648 144 
208 540 
2762 2006 1437 
434 
2147 2361 
1942 2164 2005 
1615 1479 1427 
2235 1287 39 
2164 1710 
90 129 
974 
335 
480 
2182 226 416 1534 1508 1622 1662 
419 990 
820 
382 336 862 547 2590 
1985 1140 1985 2430 2061 
2483 34 723 1278 
201 1266 
870 2150 822 
1474 2411 2613 
2083 533 1186 
646 57 
1021 
2684 66 
1249 
553 1513 
142 1548 1326 2093 
1652 
1664 1403 
2387 332 2191 
1130 1221 680 1717 
963 1421 475 
2536 1270 
2367 
662 969 2059 53 423 1581 662 662 
2461 1518 
8 1018 
1100 361 2350 
208 540 577 1224 1735 319 
91 2628 
2100 2157 1797 
681 1153 2605 
222 2164 578 2145 1229 2159 2365 1263 2365 1263 565 2159 744 257 1781 2546 736 2213 1809 2164 744 1276 1805 2192 910 178 7 1831 52 381 1342 1623 1244 2419 
1987 189 
1693 1684 1753 
1985 
2702 
777 
737 804 2633 
2287 2246 1449 952 1145 
2496 2295 949 2496 2295 949 
974 
2091 1600 2150 908 
2627 945 
2734 2622 2563 37 
1396 241 2398 
2440 1447 1553 
409 208 981 1470 966 
1200 1914 298 
1210 2547 
1564 1113 1497 1989 422 2012 950 1331 
1119 106 189 319 
37 1132 229 2622 2734 
1589 
210 2302 1534 
16 2258 
2498 2329 
513 2308 903 759 2590 
79 
1631 413 
393 731 1006 
442 
1567 1125 
372 
1484 705 
2631 
2607 255 
980 2770 
1491 
1225 215 1207 
2157 
1733 2729 2239 
1648 2581 
1896 
2623 1432 2048 
1891 
920 771 2208 
1460 1533 932 426 254 109 1978 2350 534 1945 4 
1517 986 1118 
1495 1183 127 
765 1041 1174 1842 
1842 
2138 
513 1388 2478 
483 
1209 1018 
4 534 
1360 1628 2684 1557 1071 446 276 
1262 1688 
1524 2711 
99 2195 830 
642 836 
944 2648 
1454 1612 521 
2022 2635 
1249 
737 2633 
228 25 
1864 
2022 2635 
1270 
1876 1045 
2570 2587 
1835 25 
1182 1062 
7 
398 2426 
2538 1641 
533 
912 228 25 
1792 2570 
244 1097 
2043 1865 
2110 
2698 672 
656 208 
561 1347 2767 148 1761 
2709 2578 
546 
2578 1490 
2607 255 455 
2566 1023 
277 
845 
1472 1832 
2461 
126 
694 
1896 1256 1780 
1970 2640 
2483 723 1278 98 389 
1136 2452 2641 
2157 499 1139 
2769 1160 907 
637 1137 267 
1403 1404 
397 2157 1797 
2116 1630 
1256 1780 
57 1404 1137 267 
2770 7 
2218 2315 2481 1379 2218 2315 2481 
2041 901 2041 710 
805 168 2114 509 2216 782 
2327 309 839 1514 2337 2632 320 1988 2305 2408 906 751 487 1907 1933 1504 1259 2444 1333 
2454 2032 
564 1256 1780 
1148 2174 2584 662 
2240 2541 2735 411 1925 359 
1045 
1762 1465 0 2637 
774 
2627 
254 
39 2103 48 2412 1445 2263 
2627 
886 901 1849 1056 
1207 
2691 2534 112 
2100 2284 
196 
516 660 
2149 1495 
1664 1403 1404 
1697 2404 1537 
924 843 
1378 
329 859 81 
1060 
585 2570 
494 1338 
2578 1490 
19 532 
32 1624 
98 2483 1887 723 1278 
1125 2369 
828 919 
1952 
2193 1207 
2634 195 186 
2682 286 2492 
150 
2466 
2026 2442 203 
1382 906 1382 906 
408 1409 1745 
335 653 
1119 189 
974 
1667 941 
2182 2685 1432 
743 
906 
2280 367 1171 
1378 
1137 267 90 
335 653 731 
2634 195 186 
2627 1876 2569 2253 
4 811 
2153 1485 899 
2500 1515 
2537 1440 630 1811 781 
2240 1826 1663 
1652 2172 2397 
2518 
1223 1302 835 
2157 499 1139 
1777 
922 
2164 461 
1626 1977 2720 
2473 
1981 2244 
1207 
1126 539 335 
1615 1479 1863 
4 268 
45 
2733 2157 2211 
1515 
370 50 2161 
210 2302 690 1475 1506 2317 
1555 1350 
1094 783 1174 2193 107 1216 1511 597 2578 1544 1549 2599 
141 
684 809 1770 
967 2131 764 
10 2471 
709 2087 
1106 2228 
2622 37 
2709 
1426 
1415 
489 2498 2499 1570 1374 568 2013 442 1115 2190 443 
1515 
603 2681 
1094 1174 
1119 106 189 319 
505 1022 663 
2565 2769 
321 793 2179 1372 
771 346 920 348 
2210 
980 
974 
2156 203 
1164 923 1298 
2485 
815 2072 155 
1493 7 
1691 1105 
787 123 
568 1115 
496 
1466 
2577 193 
1992 1207 
90 
1450 1938 2368 
1648 1029 
1432 851 
925 2005 
60 720 1909 2527 595 
2008 2533 
1888 2372 
1183 1495 127 
1648 1029 2627 1812 
764 471 
1010 2603 
1250 2702 
1524 
335 653 
621 1518 2493 
1344 2311 1964 
631 1630 
1919 139 
884 2436 
92 1906 1165 2001 
1886 
1119 1548 189 
513 2308 903 759 2590 
1256 1911 
683 1371 2005 434 461 
1063 
525 
365 2223 
114 1703 
831 
1092 2309 1951 905 
269 1846 1357 1593 791 337 989 1181 2187 2212 1913 1588 1451 2773 2270 
935 2570 
963 
2746 
2158 546 179 189 
1532 1256 1413 
329 1998 29 32 
1110 227 1674 2200 1208 1213 599 1539 1805 
387 723 1278 41 1592 2483 1550 463 647 
7 
220 2633 
2641 2452 
496 
1418 151 
1119 189 
2431 2009 1050 
1375 
1056 901 2763 901 
6 
1396 241 2398 
1314 2157 1716 
2528 
1577 7 
1495 875 
1481 488 2438 2029 
95 1104 
1891 2341 
797 306 1116 2593 
855 572 1683 
953 273 
827 807 2613 
582 1169 1703 
1709 
1256 1780 
1075 
1245 1304 
919 2164 
1137 267 90 
1045 
1837 
192 2116 
22 
4 775 2544 
1148 2584 662 
1250 2702 
2296 2204 2011 2751 
690 1475 1534 
2636 
2228 
769 234 2122 
2008 633 
703 777 1751 
1418 1111 105 617 2725 1551 
589 222 
2039 
2518 88 2624 2545 2028 733 1731 
1667 941 
2378 392 2036 
1122 534 
1045 
951 1279 1965 
384 2595 2711 1753 
540 319 
1990 625 
335 
233 1729 1752 335 2328 
687 
296 1536 1804 1518 
1494 2243 
972 2181 1297 
2698 
444 
2301 1316 2753 318 2443 2732 2081 2769 576 2074 
2101 1133 2236 1436 174 
507 1403 1309 
1987 189 675 
1898 71 
1677 277 
2453 532 
820 
785 2539 2000 284 
2251 1706 2707 176 653 2251 1222 653 653 2251 653 2251 335 2602 
25 1419 2049 2756 25 1419 2049 2756 
2234 1518 
124 596 
1256 
198 2127 2163 
908 1723 
1915 
1049 
2221 262 
1686 1032 2723 
922 
892 1781 
2157 
2498 1206 
368 880 1215 1509 614 
167 
1499 1349 2540 
1273 221 
1092 
2157 1686 1020 1535 
820 
2425 2440 
1304 626 
2429 1272 
810 1237 
2740 1287 
2276 322 1290 784 
21 346 441 1335 348 2497 1185 1502 1462 
1063 
2100 2157 1797 
1476 
2678 2698 
2340 1241 
1403 1404 468 
1686 1165 1389 
217 
912 228 25 
20 917 
2461 243 2390 1518 
1695 
2652 
2742 2537 2699 2662 868 1440 781 
1730 
2636 291 
458 
2677 300 2053 2617 
1200 
208 540 
1343 2353 
2054 1479 
108 1759 
935 
2518 
1648 2627 1029 945 
1063 1418 
2324 
2383 1630 529 
2189 1273 
1851 2418 701 601 
646 
2030 132 
2644 
2655 
1515 
2047 286 2682 2492 
1967 239 419 1030 
1388 2314 692 2590 
2083 533 1186 
820 
2663 2049 25 
758 
496 230 
1986 
1418 36 2033 1299 1719 2700 1551 
2169 1857 
2715 1858 
2235 2740 2127 1287 39 874 
1537 
51 
1667 941 
868 1440 
2191 
1236 103 
1620 1040 
1497 1078 1937 1943 1548 
1136 2452 2641 194 
2068 2005 820 
2602 653 
1515 2500 
1315 
2570 1772 2362 
1643 413 1435 
974 
2312 
908 587 
2688 
853 910 
737 804 2633 
1903 2576 1859 
925 2005 
2636 2264 
913 
1179 625 
1092 1021 
485 485 485 1848 1428 
500 2362 2570 
2125 2148 
2629 335 
1403 2605 
2770 1276 7 
2056 1317 1230 1213 38 844 
1068 580 
1362 818 
797 2338 306 2775 1116 46 
2516 
2750 919 2164 
2164 1710 
2293 2675 2060 
2118 1366 
1625 4 
1223 
2655 1256 
1268 1713 
906 609 
2401 2557 286 
1880 2024 
695 300 
540 1041 
1148 2584 662 
25 228 2109 
956 
430 
2770 2641 
1708 2005 
1018 
533 2215 669 
454 2613 
104 1337 
458 2771 1042 
599 2210 1983 1213 
1915 
508 1323 
287 1864 597 
210 2302 690 1475 1506 2317 
2122 914 890 
2315 2376 1747 
964 1283 169 
2569 1045 
2680 2661 
156 1144 
1777 
1126 335 
2473 
518 58 319 
164 
1619 401 335 
1844 2262 575 1391 504 
2505 2162 1403 405 1526 
1120 
730 823 1520 
612 
1580 167 
329 32 859 81 1984 
688 1100 2703 
2770 
2657 107 
2088 2150 908 
1403 
2164 919 
2267 
1453 1459 
7 578 
507 1403 1958 1393 2673 994 1051 878 1403 468 2157 1974 1403 2357 1403 405 2605 468 2357 1403 468 405 2017 1284 1217 1596 582 1169 1703 2698 672 1760 1973 
970 1336 
940 1233 1403 2154 
2473 
1049 820 
1577 7 
406 1524 
1209 1018 
2157 1686 1020 1535 
57 746 2175 
804 2640 737 2633 
2090 948 2112 1123 1854 2164 800 933 891 891 251 588 922 161 588 588 888 588 922 922 1519 2570 2585 
660 707 
2557 286 1584 
2083 2134 533 
2297 1403 
1256 1780 
631 
2281 1852 535 
1096 2550 1021 
520 
558 
1403 2605 
1207 2578 
622 
926 2627 
2292 1518 
836 2229 
1850 2692 
1880 2024 
2157 
1402 532 
0 1287 
7 1653 
2354 719 2010 1753 2711 
625 2046 
567 1803 
1340 2534 
1903 2419 
2461 1996 1542 
11 1572 1243 1801 
37 2622 1265 
524 
974 
316 2128 
928 
982 1386 998 2542 1750 1793 2708 
796 760 
1650 765 1842 
214 1935 1682 1737 1439 674 
313 817 
1016 
1090 333 586 
840 2661 416 596 1534 
856 
1402 
327 684 684 894 1011 1767 
563 
2365 2482 
382 2590 
1987 189 675 
319 540 
1554 2671 
325 76 
2404 820 
2182 226 
2089 2686 
714 2627 
2157 
559 1207 
1 2519 
1585 79 2548 2653 1614 319 
2 2283 2092 1638 2683 2636 636 1807 
2225 549 
1634 2560 
2378 2352 392 2036 
2746 2459 
1106 2228 
2734 2774 1861 1101 1796 
218 916 
1114 262 2221 
1612 1454 866 821 517 
1765 2444 
921 596 
1403 1404 
1339 1456 2618 2614 
1120 
2254 
1016 
583 1864 
533 2083 1252 
2660 163 
192 1630 
1929 
1170 
2056 1213 
234 
1418 402 
7 
1603 790 1616 85 741 128 654 
1515 
2746 
178 597 
974 
494 319 
802 2625 1024 
1702 2462 
1499 1575 1866 2385 1349 
157 1098 219 
967 2131 764 
718 1948 
2627 
219 1666 
974 
1166 
2414 2446 1675 1206 152 1287 
2352 2378 392 2036 
1896 
1513 553 
7 2532 
1463 1960 1639 1787 
419 239 990 
1712 1798 
607 2172 1652 
846 599 910 
625 2523 
2483 723 1278 
45 
376 1241 596 
1092 
492 
17 2164 2005 
1729 
2116 1630 
2076 90 
2342 836 
2496 949 2496 949 
1888 420 
2004 2122 
454 2613 
695 59 89 2747 2226 643 1046 2611 2089 1104 723 1904 1278 2055 1822 
2627 1876 1045 
377 1397 2372 2061 
718 1948 
2555 612 
335 653 212 2602 
4 1341 775 
2471 10 
65 419 
1791 
86 554 208 
1753 719 2010 
835 55 191 
1648 2627 
2326 2330 2380 
1753 
1888 
227 844 850 1213 115 1915 
1499 1575 2108 1870 1264 166 
475 963 2325 
901 2432 1056 901 2432 1056 
2117 286 2682 
2661 
1085 
2709 2762 2578 
567 1803 
2070 
804 2057 605 2428 280 
71 1277 459 232 
1396 241 2398 
466 2350 
86 554 208 
2357 1403 468 2480 
913 2519 1 
995 1202 1442 2265 
2549 2026 203 
1571 1125 
2642 2651 
669 
2352 
228 
1994 
2182 606 1432 
919 1630 2164 
1984 329 634 1591 
2532 1256 
346 1898 
434 
14 1669 919 2590 
35 
1290 784 
2275 
820 
2498 
2019 2702 
2178 1889 
912 228 25 912 25 228 
1646 908 1723 
1358 528 
162 1729 
671 238 385 2670 750 
2550 
2713 1480 2075 
215 1207 
2413 2640 
2293 2675 2060 
1931 808 908 1723 
490 2661 
1313 
800 1069 2452 464 800 1069 2452 464 
2210 342 910 317 
1049 
906 2559 
2404 820 
2153 1485 899 
1756 2125 
39 2103 1668 2196 2235 2580 2263 
1664 1233 32 2241 
113 
684 2601 
84 1248 
2342 
2771 798 2507 
765 1842 
2698 672 
365 156 222 1630 
2164 1241 743 
2463 
2019 2702 
599 2210 
2125 285 1830 801 
2283 1703 
1364 1476 856 906 277 
974 
1893 532 
1768 
1219 
1236 103 
189 619 
2332 784 
1648 1029 
1407 262 
765 1650 1842 
744 565 2159 
820 
335 906 335 906 
982 
2461 
2476 
478 
2451 747 1321 2233 
1695 
2333 2287 
656 208 
2661 
142 1548 
909 91 
1119 189 
1297 1304 
2119 1281 
2677 2689 300 
974 
2640 876 1133 2206 
1924 160 1380 
2098 1403 2605 
539 
2570 2498 1609 1206 
355 1649 
2733 2157 2211 
1985 
198 2322 380 1448 1446 
743 2709 2762 2578 
1077 329 1530 32 
2722 2362 2570 
2770 
327 684 
2129 
1495 1183 127 
1309 316 
1950 2435 
1065 1845 1432 
1058 1238 
492 2051 
1379 2315 541 2376 
2122 72 1204 272 
533 1789 434 453 2259 
2621 586 
2498 2362 
1809 1472 
764 471 
260 
1309 1307 542 2519 2739 1420 
1304 
1524 306 1753 2711 
669 
1499 279 170 83 
942 
1171 1741 1569 456 
57 1137 267 1404 
303 1304 2640 
2385 1499 
448 1239 
1063 402 2469 
2280 2307 
1288 644 1702 
1524 
941 1667 
533 
2116 346 364 2350 900 251 1231 1538 1726 2570 1277 659 662 2065 307 1342 671 2375 716 
2446 2235 265 2740 2127 1287 
2550 
1571 1125 
1281 1671 
2138 
2570 2362 1772 939 
2550 2020 1096 
1880 
1896 518 1137 267 
4 127 2420 
864 484 954 
2150 822 
978 
142 1039 1548 
2504 
1891 
1898 820 
1255 
599 1213 1208 
650 
2558 
1376 
1146 1847 1027 
90 1137 267 
928 
209 2468 209 2468 1565 328 501 24 28 983 1618 67 1975 889 1400 1681 94 1995 1869 1699 116 2554 2014 1879 929 1912 1444 1324 1833 968 2023 
906 
1880 
287 2770 
2426 1727 379 398 
2662 868 1440 1325 
1898 
1149 671 
1474 1385 745 
2104 
1474 2613 2743 635 
1789 2130 965 
2667 1210 901 2667 1210 901 
661 7 1203 457 
1318 187 
1429 2144 
1308 
1304 728 
837 1287 
2182 2635 
2086 52 381 396 1997 1831 
937 1799 
1409 1745 
1403 1233 940 
1883 90 668 2076 57 
2698 672 
2215 
846 910 
2389 2705 612 
1777 25 
1910 2035 49 149 
2276 1892 440 
901 2667 1210 2489 776 721 2403 1007 2683 1048 
317 1805 2192 
2528 2077 
2711 
974 
2440 
2392 
1383 
1722 546 1518 
2383 
2683 901 
2315 1685 
2559 
1407 262 
2746 2585 
1290 784 
2083 533 
319 
2022 2635 
1342 1623 1158 2419 
1256 275 1413 
2122 362 73 2252 
799 
974 
2605 
1454 1612 517 
1403 940 
712 2167 2182 1329 
1633 1888 
505 663 
940 1403 
1173 262 
1373 1664 1403 
704 2157 1797 
2326 673 2330 
2498 
1173 2107 1055 2021 
2730 1518 
2745 286 
974 
2402 693 2352 
2097 767 
1082 2432 1082 2432 
497 1065 2623 1432 2048 
2644 699 
1800 2157 
208 1959 68 
391 2605 
314 1743 1479 
1787 2362 
924 843 1479 
2678 2698 
145 1394 
1490 2578 2599 
373 957 
441 21 348 1335 346 
2770 412 2409 
1602 908 1598 1824 
1325 1440 
1190 
329 1661 
2182 1778 
1045 
2600 1707 
1458 
2668 1635 371 2442 498 203 
2019 2702 
2627 
612 2087 1486 424 2238 761 1038 1325 666 2486 2759 
2613 1474 2306 2743 2692 1320 
564 
1374 2498 1115 
1809 1472 
2319 1634 2027 2573 
2439 836 1774 271 642 1566 2229 
1648 2627 
602 1285 1576 2696 795 2687 653 2251 
2761 1630 
2627 1541 1045 
935 2570 
303 1304 2640 
1659 474 1701 763 
483 
1753 
31 2257 2261 1135 632 2261 1135 1890 632 2261 1180 
277 651 
599 
1611 
540 2222 1926 
1789 533 
1129 
1686 987 
535 1689 557 
2116 1947 1630 
2413 2640 
780 869 807 958 
2492 286 2682 
1096 2550 1021 
2395 513 
9 727 752 2777 
1814 1985 
2280 97 766 
2157 1797 
1733 2239 
612 1647 762 
426 
1922 1920 2069 
2355 2366 
1205 
1256 2452 
1037 1953 
573 
2647 700 1156 242 951 120 2040 1936 1313 
1842 
2410 1664 268 
901 
2201 1306 274 2440 
7 2770 
2268 
684 548 620 
2218 
206 
101 2702 
1842 
2288 73 1505 1714 931 
1969 1871 1044 
1619 845 596 
2415 2423 462 
820 755 
1249 
1131 
2506 182 
1571 1125 
1250 2702 
2570 
563 1457 
1375 
533 2215 669 533 2215 669 
2503 1033 1786 1311 
835 
2365 192 
1973 1760 1973 1760 111 290 2085 2183 2666 951 1725 1275 
2391 1354 
1891 2341 
1349 1499 
2213 1809 2213 1809 2164 1519 614 1809 1809 1809 578 
1403 1877 1404 
1880 
2685 1432 
2100 2157 1797 
1141 415 814 
1170 
1566 836 
499 1941 2157 1797 
1236 
1083 1395 
2659 
586 625 
2229 836 
533 2774 
1419 2049 
2003 137 
603 1862 645 1994 
1265 2622 2734 37 
2070 1687 
1159 852 
1722 546 575 1518 
2008 2310 
567 1803 2266 
2122 418 
2472 540 
2586 2122 
846 910 
1954 1768 
1687 2070 
2140 2237 1528 1785 1301 648 2736 873 249 1457 
728 1304 
35 1479 
202 1073 1578 
1131 
177 2619 
1043 909 
2304 2457 1908 
1107 1270 
1303 319 
35 1479 843 
1173 262 
1309 2045 1307 2007 
1256 2532 
2150 436 822 
2279 1639 2491 
2474 1612 517 
1888 
33 73 2158 546 179 189 33 73 2158 546 179 189 
4 1625 2772 
1490 
525 
1237 942 
2081 1304 
2278 
327 684 
1187 1805 2192 
177 2619 
1454 1612 517 
2711 1753 
2164 222 578 
690 1475 1506 2470 
1198 
2568 311 
1256 
1589 929 209 
1772 2570 2362 
1406 567 14 
299 
1777 
538 2228 
2229 836 2342 642 2679 2439 
1686 1002 96 941 
2293 2675 2060 
1092 1021 
786 2320 1328 1089 679 532 
982 
526 
2150 1525 
1583 1293 
2439 836 
1092 1021 
1166 211 
1356 2186 
1961 
2315 541 18 
2550 
1256 438 
374 
1213 1674 227 1208 
2404 278 
477 2298 697 109 1460 
2679 836 
1821 315 
2127 1816 1287 2740 
2746 2585 
1818 2451 2233 
309 2327 545 569 
2184 2116 
627 1239 448 
2149 1495 
84 1248 
2188 1469 835 1828 
2155 
419 
1601 640 
2106 532 2583 1328 679 1089 786 2320 1655 
1609 2570 2058 
2269 2394 2350 
978 
2492 286 
748 
302 1014 
1228 515 287 1949 2318 
1985 1688 
2521 1690 1994 
1256 
2684 
37 2658 2622 1265 
2512 2138 
1390 1403 1421 2480 
704 2157 1797 
2003 137 
1256 
2100 2157 
2591 2350 
793 
1709 258 517 
2164 
2359 2758 1001 
256 
684 753 
1051 213 
2731 2149 1495 875 
146 1141 
1408 
2490 532 1923 1157 1893 
209 2355 2366 
1757 525 1640 
2748 1873 1097 2185 293 
1271 
820 
388 836 
234 725 676 
360 375 1151 1946 872 
552 1304 2498 
926 1414 
2498 1206 
1008 2261 
1170 
1708 2005 
2653 2348 319 
925 2005 
1134 
1896 1467 335 212 2602 1222 2251 653 1840 
846 910 599 
919 2164 
1256 481 1413 
2745 286 1635 
2465 346 920 
1891 2341 
2283 1081 1703 114 
1684 1753 1693 
151 260 
228 25 
2565 1160 2769 
714 926 1414 
241 
2420 127 
1081 1703 
865 2522 403 820 
1192 1897 63 2084 
686 2551 154 
1708 2005 
603 
685 352 43 2718 
782 2285 805 2114 
1476 813 1558 
1421 1137 267 2450 963 475 
1703 1768 
1063 2227 2469 
397 2157 1797 
525 
2357 1403 468 
2429 1232 
2662 868 728 1440 1304 1325 
4 775 1256 
867 837 175 1184 1287 
625 1179 1074 
1878 2636 
858 1631 413 1435 172 
2157 1797 
974 
678 
1327 305 2094 
1888 544 
578 1809 
2567 
23 1256 
2476 
1615 843 1120 
37 1132 229 2622 2734 
1876 1045 
1173 262 
5 1679 1439 450 
301 1515 
2082 
1895 
684 2601 2693 
616 189 
208 540 
935 2570 
1515 
974 
2031 834 1982 
913 2519 
529 
348 584 21 441 1335 407 2062 2080 
1515 1537 
91 
541 
1059 820 
2722 2362 2570 
835 2083 533 
1166 
2607 255 
1963 2146 572 1683 
2746 2459 2585 
1384 1069 
1189 2003 
973 140 
1 2519 
755 820 
738 1479 1518 
1570 2570 1772 
2511 2483 98 2273 723 
1080 1403 2089 1367 729 1367 1240 1596 2738 1217 2339 1292 1788 566 2199 600 252 1842 943 760 1292 1788 
820 
2157 2099 
1952 619 189 
1265 37 
1596 1176 122 2633 
2122 749 2067 418 
691 1630 
1235 901 901 
2682 286 
1955 990 
2550 
2709 2578 
2437 1398 874 
2008 2282 
2517 820 
1792 2570 
1918 2191 
2150 
433 1523 
1753 
1085 425 1035 
2591 2350 
556 2203 
2770 
1094 240 
419 990 
1664 2283 268 2393 1703 
624 1768 1703 1081 
2596 1523 
1065 1432 
2164 1241 833 1482 
204 2300 
1167 
1765 2444 
156 1630 
2307 
1009 
684 2704 
408 1409 1745 
1499 2385 
142 1039 1548 
2102 1483 
297 
2446 0 1287 
771 920 394 
533 
2175 1137 267 57 476 
1010 
90 1137 267 
1513 1853 
1119 189 
371 1126 539 335 
2276 
1919 2233 
2019 1704 2702 
1173 262 1108 
1045 
1166 1522 15 1924 1927 264 2232 2568 1916 
846 910 
1968 135 598 
625 1886 2523 
974 
198 2322 380 
2122 418 1660 
1561 2003 137 
2041 
2083 533 
525 1757 
2741 1813 
516 
838 2602 
1817 1161 
1119 189 319 
19 2000 
2422 
1619 
683 
473 
370 544 
886 901 886 901 
1664 268 2283 
1510 93 649 
1874 2494 
2031 2290 550 
2431 2009 1050 
2388 364 
208 540 319 
1777 1222 228 25 
1753 2711 
2031 
2698 672 
2362 2570 500 
1012 
1472 2164 
1695 
1777 
868 
335 1126 539 
1303 616 189 
156 1630 
1815 2446 1287 779 
2386 215 1207 1225 
563 
2288 1579 73 1505 205 533 1789 434 453 2137 1987 189 1220 1204 1795 608 189 1789 2130 560 2572 677 965 
2151 1704 2727 1829 
2431 1050 2009 
1654 7 
2567 788 
836 
1056 
836 2679 133 
2740 2127 1287 1676 207 
1052 2103 2764 39 874 1430 2235 2437 2263 
2319 1634 
699 
1888 1632 
217 
1893 532 
2331 2066 1095 
1888 1125 
1281 1671 
1880 2643 2716 1355 
336 175 1287 
682 2451 
1583 2448 
2416 2416 819 662 930 282 1819 1461 
98 2483 2511 723 
1884 1256 1780 
1645 2672 
854 
2623 1432 2048 
434 
1659 
1609 2570 615 
198 2322 2163 2015 2488 1823 
1207 2429 
151 
1648 74 
525 2668 1640 
1119 189 
533 1789 533 1789 
2570 
669 
1373 1219 
2454 2032 
154 
849 1410 2635 
62 699 
57 
1126 863 539 2629 335 
841 1206 
2105 2661 
1092 1096 
492 2194 431 1784 
2611 405 1233 
603 75 
2685 1432 
2003 
567 1803 
1700 820 
321 495 369 1057 1191 1226 
1729 
1733 2729 
572 1683 
603 
1364 
672 
1280 461 
335 
1474 2411 2613 
1971 1939 
1787 2362 
975 1640 
2291 585 
1607 2546 
974 
2746 2585 
2769 
496 
1256 
852 1966 2749 923 
2776 
625 1179 
1182 2286 626 237 
256 
25 
2404 
2258 
329 32 859 81 1984 
1403 1882 
457 
2661 1596 2105 1124 
82 310 2582 
1018 
1346 64 
1962 2113 
1753 
846 910 
1059 820 
1159 852 445 993 1658 1305 2405 
2278 2345 2219 
113 
1474 2743 2692 454 2613 
2362 1267 2570 
1772 2570 2274 
1664 2524 1403 1877 1421 1253 1748 940 
1549 
2440 2118 
1789 533 
1742 2550 1021 
1392 
2432 
2107 363 1636 2335 1630 
2664 2042 1036 
2150 2315 908 
974 
2008 2533 
1307 2519 
807 958 
685 618 1452 2515 30 
1409 428 1745 
971 1092 
114 1703 
1491 
820 
2324 
277 651 
1432 1568 2182 1734 2048 
1928 1373 1545 
1524 306 1753 
1173 262 
2115 1021 
2678 2698 757 2579 
2685 1432 
1345 2127 1287 976 2357 
2117 286 
971 1092 1096 
748 
1858 
329 859 81 
1 904 2394 2269 
841 2498 1206 
2038 2271 689 
625 
2475 2508 2744 
544 1203 
2513 881 1019 
150 
335 1126 539 
1200 1914 298 
150 
1363 1883 90 2076 
82 
2498 1206 
924 843 1479 1518 
1950 2343 
419 
765 1842 
2176 
1894 2654 
526 
2073 2445 1899 1142 1434 
1494 1736 1028 2243 
2550 2020 
2162 1403 
1214 1826 282 
2364 510 2602 335 653 2602 653 902 1529 1711 1329 1934 447 653 604 2697 2477 2173 185 712 2209 
262 1587 1108 1173 2107 1064 1500 1407 2562 
1474 1387 2692 
302 1014 
1627 2626 
1922 1920 
1373 1403 1877 
526 
2265 2526 1202 
329 1984 
1820 596 
1768 1954 
2097 767 1921 
51 
2770 
1961 
19 532 
200 
1494 
940 2297 1233 1403 
246 1478 
764 
997 
2714 258 
959 
868 288 1440 2630 1325 
1373 1403 1877 
2150 
358 1985 
527 
2138 
626 1656 486 
2770 
2650 1304 728 
846 910 
1174 1094 
2258 16 
142 467 1039 1548 
694 
2091 2150 908 
546 189 
2627 1045 
2491 1639 2084 2279 
335 
1891 2341 
513 61 2308 80 2384 2553 1460 
695 300 
1619 
496 857 754 2594 
2162 1403 1287 
1438 1705 
2198 1182 1207 
90 1883 2076 1363 
936 
151 260 
1826 2421 1289 
292 300 
2678 2698 
2528 2077 
319 
2761 1775 259 768 
1695 
2192 984 1539 1805 
2150 822 
1344 2455 1121 1964 
1789 1944 
70 2467 
345 2005 
26 1718 121 1836 
294 2410 1664 
337 
1063 402 2469 
678 
1481 147 1433 
1026 2682 286 
1066 764 
1589 2520 
1364 1521 188 
922 
295 533 
1740 2122 
2334 1063 402 962 2707 2469 
2324 
1103 
198 2127 2163 
1617 2149 1495 
1010 2603 
2678 2698 757 
1880 
1256 1827 1911 
344 1748 
974 
1403 1404 468 
1888 
1753 1729 
2324 
70 1193 2471 
630 1440 868 
198 2163 1823 2322 2015 2488 
2657 107 
454 2613 
2740 1287 
1499 83 
499 2157 1797 
1458 580 
820 
37 2610 1265 1132 
1531 2358 2479 
1891 
2315 2568 
56 2138 
365 1637 2383 2484 1630 
1771 2245 2272 943 1287 976 1345 1292 2132 702 760 290 1760 1973 
2620 2336 2406 
1474 2411 2613 
7 2770 
2316 517 1621 
1888 
400 2360 820 
1092 1361 1951 181 
2070 2373 2706 
1207 847 
1403 165 
13 1692 1009 2768 
2124 732 
747 2451 1818 2233 
2333 2287 2381 
2265 1202 
2302 1534 
2431 1050 2009 
525 2568 
322 1290 2276 784 
1034 1424 2575 
2127 2740 1816 1287 175 
512 1987 189 
319 
319 
506 
1782 2114 
1384 2356 
1368 596 
482 157 
1779 1291 
1026 286 
2397 2172 1652 
1373 
657 
335 906 
982 
1132 
1164 1298 
2702 
102 118 1419 1042 2049 2277 
846 910 599 
2157 1716 1178 
803 
327 
876 1201 2025 
665 2123 1619 297 
2483 2064 
1637 1630 
1607 2546 
593 173 
198 2322 380 
142 1993 
2653 1614 319 
1858 1644 
42 37 
2371 
2598 1902 
2168 319 
1119 189 
1088 1061 911 2260 
2627 2597 
2492 286 2682 
2535 
1207 156 
138 
1125 2369 
1783 319 
559 1207 
1136 2452 2641 194 
1605 347 580 1067 1278 
2279 1639 2491 
1137 267 592 2175 
871 1411 
2433 1613 2089 1771 2245 2272 943 1292 2132 702 760 
150 2449 
2149 1495 2760 
2460 209 
1597 1819 282 
2424 2157 
708 1254 1680 
806 
882 
849 2635 
2193 1511 1094 1174 107 1216 597 2578 1076 1549 
1928 1373 
1256 1780 
90 1137 267 
974 
1200 1914 298 
130 
82 
530 566 571 158 410 2199 252 600 1842 1231 842 825 2141 529 82 1218 82 82 2645 
1990 2487 625 
1864 1188 
1173 1802 
2471 10 
527 1161 1177 2755 
1223 835 
13 1692 1009 2768 
1373 1403 
877 639 791 2656 353 713 1678 2078 1516 2177 1258 2256 1351 
2139 2600 1707 
599 2210 2200 
2429 1332 
19 532 
1669 
2638 286 
2149 1495 
1049 
653 2251 
922 670 
1021 
2627 
1084 1752 335 2328 203 
1820 596 
1375 
789 1370 
1439 2349 
2127 1287 
836 2342 2229 642 
559 2061 
44 870 2150 436 822 
1203 
2570 939 
1499 1575 2108 1349 
1474 2710 386 
1524 306 2711 1930 1548 
1409 1745 
1665 268 2283 2393 1703 
1053 1354 
2207 2353 1868 1838 224 
798 2771 2507 
1304 
398 2426 
1686 1004 1917 
309 1173 
982 
2771 
919 1342 439 1464 
227 1455 1213 2303 283 1317 
323 2404 
919 658 1375 1860 
1261 195 
1905 
1923 532 
1307 2519 2128 1003 2370 1287 
414 829 
1855 
262 1173 1587 
880 1558 1215 
2010 719 1524 2711 2133 726 
724 399 2550 1096 1021 
1963 572 1683 
178 7 
160 1380 
1950 2343 
665 2123 
549 
329 32 81 
2401 286 
2016 142 1039 1548 
2550 1096 1021 
507 247 
1524 
1163 820 
671 1334 
2631 
