0 1734 
150 1481 1 2214 
2217 2 2365 
1308 1596 1218 3 
359 1361 4 314 527 
220 161 5 279 1640 836 350 1374 1666 1179 
1994 6 1337 1911 2388 1163 1559 872 
1205 7 1220 
1890 1748 8 304 
1701 446 9 
295 10 1243 
602 1994 1385 1264 11 
787 12 2307 
13 1398 
14 1606 
15 236 
905 180 1529 16 264 
1386 852 1615 1798 17 2019 1018 400 2226 201 
348 207 58 18 1159 1836 467 459 980 732 1606 1661 
1450 1737 1310 1679 2401 1922 2013 1376 1808 19 1758 511 
2333 20 1943 
2257 1668 21 
1646 22 266 
1507 2373 1915 2120 549 196 1155 1157 2015 1757 1464 1965 1327 590 77 1853 2137 23 1059 605 455 123 2427 
1597 24 
536 2208 83 314 2196 25 
26 771 
943 2391 156 1385 738 796 2052 1684 388 27 1213 2030 1906 1171 883 934 45 1661 
2144 497 28 
29 650 
1994 1877 30 2373 
1919 156 1346 100 31 559 923 1543 1661 
479 1494 1851 1958 812 1506 32 199 
2389 1385 772 1049 491 2318 667 410 1835 1906 1442 662 33 1083 59 2275 1867 
1037 2223 221 1548 34 1252 433 1829 
35 319 
1911 36 971 
371 37 2165 
38 1262 2406 1942 1313 
1993 724 1761 1978 675 39 896 2395 1083 1116 971 658 
2335 40 2141 
801 1598 767 41 600 
1598 42 
666 348 43 
44 2017 1611 
207 442 1154 1726 27 1151 2371 1543 827 45 809 
1553 1016 2373 1929 46 229 2332 975 1083 201 745 1239 
943 207 826 222 2151 2280 1102 138 741 1945 1543 47 
904 48 2057 1231 1985 2256 2080 724 2135 971 
49 499 253 
1080 50 
51 1775 1476 1867 
1431 245 261 52 1319 278 238 1527 459 
53 585 2197 
1798 2137 1415 54 2225 
55 1338 535 
663 634 56 
57 2432 
1917 1818 58 18 519 365 2002 
1553 1016 1157 2373 947 2175 575 1904 537 1126 1435 2188 1976 102 229 745 33 59 410 329 
214 393 60 2081 
834 61 
2294 1405 62 1762 
695 63 
1588 64 
65 1201 634 
66 462 736 1242 1090 
2204 2402 868 132 1621 949 67 
1321 269 72 68 
2321 334 69 
1386 852 1798 1271 2256 70 971 
155 1253 2368 1338 1164 1321 565 375 534 805 71 1951 2304 1975 212 1949 1193 744 
1321 396 534 1136 542 155 1259 250 430 182 72 2228 68 1695 1685 855 677 1508 722 212 1193 
2166 1356 73 
2278 893 74 
584 98 75 
1695 1081 1253 1891 76 225 1193 744 219 182 
2014 1507 77 1853 1372 227 2137 23 2297 1464 605 549 
1717 78 1974 
893 79 1392 1753 162 138 1789 1945 2074 
2264 80 
2246 81 2068 1815 1672 917 
82 1994 2264 2106 2373 367 859 1428 187 
536 2208 25 83 314 2196 179 
2162 84 
95 1306 2167 368 1991 85 2263 962 
86 1089 1950 
2391 806 87 375 805 869 1487 1722 
1597 1969 214 2239 112 189 2111 913 2043 2303 1548 483 1245 1054 1889 88 119 643 1500 
1495 1098 399 203 1864 977 577 842 1914 89 
90 1013 280 290 493 209 
91 2016 1594 
495 120 92 
868 463 899 93 1574 781 679 955 1178 362 
94 2074 385 
1310 95 239 1306 2355 2099 1991 85 1189 
1969 1118 96 2066 643 1500 
1043 1207 1794 97 
75 98 604 2441 1139 635 111 884 1571 975 1032 1866 690 1698 1241 826 2157 1029 484 1141 775 1706 
99 2043 
1392 100 1151 31 1171 1543 1661 
1507 2057 1835 1177 2214 101 1760 1419 
201 59 102 575 
103 1548 
104 1938 667 
105 1771 
1532 106 398 
504 1401 1742 107 
1593 603 1146 1171 108 1543 1193 934 1443 1243 
1308 808 109 1588 
1521 110 
1994 111 1553 1110 2439 98 2441 
1118 112 1245 1054 88 119 643 2234 1500 
822 1135 113 134 
1321 730 114 555 
115 1905 787 903 211 631 
214 883 116 
2394 2342 1308 942 653 117 
1513 1951 1549 1227 118 497 577 542 1841 2195 2175 896 1116 393 235 2018 1538 1070 1626 2262 340 1695 806 2169 
1948 2006 882 1245 1054 550 88 119 1448 727 2066 586 976 1875 251 643 2234 1500 1610 1118 865 2200 814 112 1215 1768 2111 538 2303 1658 1889 1668 2257 
495 120 92 
121 1229 1145 
181 1775 1457 122 2240 
23 1155 1246 123 
124 633 
2170 125 1851 2214 
126 2441 
1154 1726 977 278 1480 127 2002 1380 
2293 1557 128 2170 465 
1529 129 
130 1096 1080 706 1221 
1626 131 
1257 132 848 729 1333 1914 67 1927 
484 133 
822 581 113 1158 319 1135 134 
135 870 
136 2391 
1738 1994 1556 1062 2106 2405 790 137 712 367 1002 513 1461 1469 1163 1612 1073 187 
893 222 1228 1753 79 1730 1102 162 138 1171 47 
1638 2315 139 910 
140 2069 1993 2226 724 971 
1010 1947 1586 141 1597 485 1187 857 1883 276 481 793 1607 440 
2114 1968 1113 1315 918 557 500 142 2012 766 710 
2178 2142 521 1145 1427 143 
714 801 144 278 
245 261 145 173 1380 
146 1278 
147 1287 2272 
218 1395 1308 148 711 2210 2149 939 1959 193 1588 1712 380 960 472 
149 470 
1267 2176 1863 1861 1 413 150 1481 2143 2116 
1213 428 1732 151 
1386 2125 152 453 724 1419 641 2135 
1310 1446 1922 327 262 153 2372 1478 761 433 2095 451 439 
1673 154 1758 
155 1259 534 72 71 542 1216 996 603 1243 
31 1420 1950 683 738 1437 796 825 2052 27 965 2030 1906 2051 1116 2255 1973 1753 1012 2391 1272 156 1989 806 2169 2312 1954 1453 
1446 1433 157 262 1708 
1787 2106 158 996 
2391 970 806 609 2339 1820 2212 1206 159 313 2088 1300 
1578 160 
161 5 1874 
1730 683 738 1392 1437 796 825 2052 162 388 138 1213 2030 1906 1171 1945 1125 79 
1253 1752 374 1470 634 163 1243 
223 164 2165 2187 1972 
1488 1200 165 
1010 166 
1016 2373 773 229 2261 167 
1597 1205 2391 168 2316 2212 2071 1242 
1595 471 169 701 1746 535 2013 1673 1632 1013 1247 1758 2011 1364 1404 
223 969 998 170 371 2187 1666 1972 
171 234 
172 2231 182 1243 
2385 1496 324 2153 1154 389 551 278 2349 2038 698 145 173 1358 2420 1485 
174 1322 1165 1080 492 
1355 2122 175 
769 176 817 742 995 1787 658 
2289 1321 177 542 
1062 178 1385 2254 1911 1612 
2208 83 2232 618 2196 1710 179 
180 16 363 
181 1798 122 1271 
2289 715 1544 1321 534 1525 76 295 2260 1243 250 481 2304 1879 1949 182 430 1081 2284 1253 389 72 1355 1695 2369 1685 1508 172 212 192 1193 431 
928 183 648 285 1080 706 
2002 184 
387 2389 289 185 790 1346 2046 1766 904 2270 1008 1900 273 2434 2107 1617 197 772 228 924 2074 2343 1736 
1578 186 2232 
82 1994 2106 2373 137 1600 712 544 1088 1877 1688 2119 1888 1442 1428 1978 187 401 
2444 188 996 
557 1548 1889 1563 88 189 
1994 1371 1639 2302 1760 605 549 1787 190 658 
941 357 2284 191 750 1881 1084 
192 182 
1596 1308 148 1296 193 
584 728 557 918 194 2012 766 
1221 195 
1798 23 1126 1849 611 561 196 
387 2389 197 1385 185 2254 790 491 1346 2270 1911 273 
673 198 
32 1493 716 199 
2375 1751 200 708 821 
1016 417 1835 2226 1844 1083 201 410 537 17 1425 2332 1669 1965 2136 102 46 898 1827 1256 1855 2059 2125 1371 
572 202 
1431 203 2082 1789 89 
204 1307 
1379 205 390 2226 2080 2108 724 971 
206 1548 927 
943 941 207 442 1043 18 1102 1550 912 756 47 320 45 809 1715 1228 1753 1125 741 1073 1244 1630 348 222 1340 1301 594 1852 
1597 208 
941 1613 90 867 1040 2214 2031 493 209 1661 
2014 2302 1271 2025 210 2295 1760 1059 605 549 1371 
115 1062 513 787 211 645 
1544 1321 72 71 2228 542 212 430 1510 182 
213 1548 
865 1488 214 826 2217 393 913 60 611 1054 1220 530 88 2365 1515 2179 2396 116 
1597 2122 215 
1403 216 
1811 255 1916 1413 414 217 
218 1308 148 939 1868 
323 661 534 76 2078 849 2353 219 1891 1243 
702 1788 220 866 1211 2325 279 5 2361 1430 1640 836 1797 2207 737 382 1374 1721 332 1801 1025 1967 634 625 
2085 342 221 523 1854 345 1548 34 1220 1085 1161 
943 207 289 222 2280 1125 138 1171 1945 2074 934 1073 47 
348 232 1309 462 1555 223 2364 164 1794 276 170 332 371 
224 1066 2190 
1193 76 225 
721 1548 226 
1507 77 1372 227 1644 1187 1371 
387 1617 2243 185 790 2312 1346 1766 228 2138 1316 2343 
1016 2195 2175 46 229 745 167 59 410 1239 
1775 1476 1246 230 
1385 239 1378 428 231 1203 370 1397 
232 1015 1228 1555 223 332 2420 
2170 1569 874 233 
171 234 
1010 1328 340 2444 1825 2128 2041 896 2299 118 831 1116 2427 1804 2395 235 
553 1628 15 236 2324 956 1035 2168 
553 2124 634 237 
2402 245 261 52 850 238 1527 475 1424 645 2002 1274 
2106 2151 239 747 95 1378 903 1337 2327 231 1287 921 2130 2448 1397 489 872 658 
452 851 2019 1018 1635 675 2080 724 973 240 1831 1787 
379 405 1067 671 660 241 
529 242 
243 1145 
1994 2106 2373 2381 244 
1039 245 2109 324 261 2435 2163 52 1490 238 1527 1115 145 788 747 1424 645 1274 1323 
246 1524 
247 1548 
248 1106 1104 
249 1145 
72 250 2228 1216 182 
1969 1118 2081 2024 1215 2001 950 2066 251 119 643 1500 
852 252 1271 1760 
49 253 
790 1911 254 
1506 1143 255 217 
2294 1405 256 
1597 257 1457 515 895 2240 1011 
1049 258 667 
1119 2269 259 2105 952 647 
260 1775 
2402 245 1039 2109 324 261 2163 52 1490 238 1527 145 1743 475 1424 645 1323 
1037 1446 1155 2281 1846 157 262 153 1478 451 
1810 263 710 
1524 945 1714 2209 16 1699 264 
265 1872 
1646 22 266 
267 790 1346 1911 1171 
268 560 398 
2364 1220 269 68 
1310 270 1922 862 
812 1851 1494 271 
272 1695 1989 963 2305 1136 542 1216 996 
2389 185 491 1766 1665 877 2270 1008 1196 662 841 1784 654 1900 273 2107 197 772 1390 1867 883 281 
1204 2276 274 739 2162 
544 275 
2423 141 569 223 969 1250 276 1214 
573 277 
1495 2245 801 2402 52 1726 977 910 278 1115 144 475 173 127 1274 1323 
220 1211 2325 279 5 1430 2207 1374 
828 1948 340 2324 526 1154 1187 90 867 576 1013 280 883 2420 
1252 2130 439 273 281 
1429 582 282 416 896 1862 1116 1151 2395 507 
626 283 2442 
1917 1051 284 2062 1649 2446 
928 183 648 1504 1992 285 1096 1080 706 
1372 2308 669 2293 446 286 2238 
853 287 1319 1287 1816 2395 1946 2064 1914 
498 863 619 402 1548 288 1304 
289 222 185 1102 1751 809 
422 290 90 493 
983 291 369 1112 470 1990 
1942 292 
293 1778 
2349 294 1397 1385 
357 1253 1321 389 10 542 295 1949 182 
2202 839 1143 1589 296 1676 2097 465 726 
297 2203 1516 2322 1279 1079 1187 1384 793 1482 1607 908 1821 1990 
1098 2423 1429 582 1338 1492 1657 1822 298 507 1151 1443 
767 299 
300 1013 828 
301 1410 
2199 302 548 740 
852 303 457 2137 684 1835 1564 605 
1890 8 304 
305 1153 
306 802 794 
1524 1768 2248 2200 307 
308 634 
1252 456 309 1363 
2022 310 1311 1830 2018 
311 1179 
312 910 
313 159 
988 2208 1104 1361 4 83 1744 314 652 527 2196 2117 25 
1308 315 703 
316 1675 
2185 2386 971 317 
1204 2276 1520 409 1659 1573 318 1056 
1892 581 1441 35 319 1207 134 
943 1431 2084 207 1319 320 1247 1116 459 1914 
321 1052 983 1735 369 1112 470 1990 
926 322 1830 505 
323 676 849 730 219 1891 555 
324 261 824 1720 173 1224 1850 2049 504 1071 245 2349 1527 2150 1743 1061 791 1424 645 2356 2245 407 594 2038 917 1622 486 475 1323 
325 1606 
1997 2026 1956 887 1022 326 
1853 153 761 327 487 
2249 328 
2019 2059 724 59 329 
330 637 
331 1246 
220 232 1940 223 1640 332 702 1980 
813 333 
454 69 2422 2321 334 2089 1756 
1010 1385 853 834 1773 686 688 335 1946 967 1914 
1804 336 831 1729 
337 1119 647 2171 2105 1590 1499 612 592 
2250 1493 1851 2057 1063 338 1519 1625 
339 1347 1720 
2264 2310 806 340 361 1634 1839 1069 2041 118 280 1116 1970 2395 235 
1023 341 
2085 342 1403 221 523 1548 1085 
1518 343 1830 1133 1351 
2417 1763 344 509 
221 523 345 2146 1548 1085 953 
346 765 
498 787 1696 347 
348 207 1068 43 1039 2217 972 18 223 1502 1950 1214 467 1604 1138 2099 1934 858 1090 1474 
1689 1379 1014 1191 1320 349 1835 2061 2226 
350 5 1374 866 
623 351 358 
352 359 2288 
630 353 
943 2391 1272 1385 738 796 2030 1196 662 354 1867 
2122 355 430 
712 2216 356 401 
357 2284 1065 1919 961 1006 1323 191 629 389 1638 750 1609 1115 295 2002 2260 
1004 656 351 2110 1220 358 
352 359 568 4 900 
360 1631 
1010 340 361 1883 1287 2299 831 1116 
93 362 
1204 1958 180 363 2187 
364 390 
1917 442 1818 58 1993 466 519 1159 365 
1335 1735 366 1112 470 1990 
82 1994 1556 1738 1062 556 137 1002 513 367 992 1461 1163 
469 1306 368 1991 85 1725 2263 1189 
321 1052 983 291 1335 1735 369 1112 470 1990 
406 428 628 2349 231 2381 370 
1209 1503 860 828 1309 1204 1555 1167 223 857 1591 1950 610 170 2165 371 464 1020 1972 37 
1077 372 536 2208 2117 
373 2007 
1253 374 1618 634 163 1174 1243 
2289 2368 749 87 1289 2221 825 375 805 938 559 71 1951 869 1487 
1728 376 
377 1500 
941 2102 2280 1398 2083 1686 1543 378 1380 1937 
379 405 1067 671 660 241 
1308 148 939 380 1868 
1908 1315 918 500 766 381 
220 382 634 1430 
383 806 
2435 1264 2001 1642 384 837 441 879 
1362 1617 2254 790 1346 2327 1911 2138 1945 2074 385 94 
386 1933 
387 2389 2243 185 790 1346 2046 1641 1766 1391 1038 2270 1945 1900 751 2107 1617 197 772 1892 769 1911 228 2138 924 2074 2343 
2391 1553 2169 1228 1753 2316 428 162 388 27 404 1906 883 2212 2138 1954 1134 
715 2435 1321 295 173 2260 1243 357 750 642 431 430 182 2284 1253 897 1638 389 1718 1355 2369 1154 2447 1274 
1379 2069 364 205 390 724 
391 1261 
1614 535 886 392 1764 
214 60 118 1220 542 393 
2335 394 
1240 1152 395 1044 
396 542 72 1509 
397 2315 896 1116 2395 1404 2143 
1628 106 560 398 268 2182 1803 1234 1097 1255 
399 1038 842 1914 89 
1386 852 400 17 2019 1018 1271 1177 1792 
1994 356 951 1916 1428 401 187 1688 
402 288 
403 1358 
1553 2151 2254 1346 1641 404 388 1911 1670 2343 2053 751 
379 405 1067 660 241 
1385 466 406 2366 1012 370 658 
407 2038 324 
460 408 
1204 409 1962 1659 318 1056 2039 
1016 229 745 975 201 59 410 33 1239 
411 2101 1219 1649 1898 
1666 412 2364 1045 
2328 413 150 1901 909 
1195 936 1697 1506 1005 414 1579 2414 217 
1567 1337 1691 1233 996 415 
941 1492 282 416 1926 1726 1247 1151 1666 2420 
201 2059 417 1083 
669 991 418 1856 
916 419 1987 2298 2008 
2391 2068 741 1013 420 
421 2018 
422 290 
423 1989 1259 2348 2305 2144 1136 
424 1311 2018 
584 1928 425 
1798 1155 2281 426 1835 1662 
2391 1553 427 806 2169 738 883 1820 1134 
1553 1385 1018 489 428 1732 388 151 231 769 370 1168 1073 
1211 429 
2289 1253 2368 565 1321 1508 1176 1638 389 72 481 1951 355 212 182 430 1243 
1154 389 431 182 1243 
432 2013 1758 667 
1310 1262 1665 2426 1802 1922 2406 153 34 1942 761 2095 433 1464 451 1844 1313 1210 
2170 465 434 
1154 435 910 2000 1666 507 
822 2026 436 
617 1175 437 
1145 438 777 
520 2025 1942 2275 1490 1196 2095 662 841 439 487 1310 1922 810 2099 2020 1867 153 2372 1520 1314 761 281 488 
141 440 
384 1264 441 837 
943 1917 1051 207 442 2280 519 1159 365 1102 1247 45 
1761 443 2327 
1996 1098 1274 444 
1493 2057 1589 1517 445 465 1625 
286 446 9 1856 
447 1548 
1494 2057 1589 448 1519 1625 
1851 1697 1506 1719 449 2414 1601 
450 1376 488 
1446 262 153 2372 1708 433 1464 451 
743 452 1018 675 971 2080 724 240 1831 2238 1787 
2057 1835 1564 152 453 1585 
480 454 774 334 2089 1756 
1386 1385 23 2297 2291 1423 2092 641 829 455 658 
1252 456 309 946 
1932 684 303 457 
458 1823 1039 1548 
2084 18 52 1490 320 459 524 
460 408 
2097 461 
66 1309 462 223 736 1950 1703 1090 
463 2026 93 2038 729 
371 464 1250 
839 1552 1800 2057 1143 1589 1063 2376 979 531 296 1299 445 128 2170 465 1519 726 434 1867 
466 406 365 1223 1566 
348 18 741 1420 2030 467 
1079 2350 2115 1548 535 1247 2329 468 
1545 469 1306 545 1177 368 1419 2263 
321 1998 2237 1019 149 505 983 1735 366 1052 291 713 1095 1830 369 1351 1112 470 1990 818 719 707 1133 
471 701 169 2401 1758 
1308 148 939 472 1868 
473 634 1001 2055 
474 1616 
801 324 261 2163 278 238 1527 1743 788 475 
476 1663 654 
2391 477 
478 626 
32 479 2415 716 
2335 454 774 480 
2289 141 2368 1951 481 182 430 1243 
1597 1548 714 482 1220 
2331 88 483 1548 
621 1866 1414 2023 484 2439 1241 1042 133 98 744 
141 485 1369 
714 801 486 324 
1704 327 531 439 487 710 
450 439 488 
1994 1553 239 489 428 1732 1089 675 1163 1787 
2256 2059 971 490 
197 1694 2254 2270 491 1346 1929 1008 1856 1398 1845 502 33 273 1390 
174 1481 492 
290 90 493 209 
494 1648 1703 
495 120 92 
1166 496 
1989 28 118 497 858 2143 
498 863 2283 787 2171 288 2365 347 
49 499 
2114 1113 543 1315 918 557 500 142 2012 1982 766 381 1531 
1542 501 
1694 2254 790 491 1346 502 
1256 1636 1761 2079 949 1893 503 
324 1401 2418 2317 1201 107 2429 504 
322 719 1830 470 505 
2186 1548 506 
582 820 282 1926 1862 1381 1098 1429 2049 1249 298 1666 1606 1933 2183 1147 1672 2329 1154 1815 435 917 507 606 2420 
1648 508 2339 1703 
344 509 
510 1548 
1182 1737 1679 2013 1808 19 511 
512 533 659 
2416 1994 799 137 513 367 211 996 1163 
2236 514 
1196 257 515 
516 1548 
517 1548 
753 2043 2307 518 1548 1245 726 
1917 442 58 2370 519 1231 365 1102 
1037 1389 520 1252 1942 1671 2020 439 
1339 2178 2142 521 1145 143 
522 1548 
342 964 221 523 345 810 1548 2146 
2102 1490 2115 535 594 886 1247 459 1909 524 
525 1945 2074 1089 
1575 526 1013 280 
314 527 1104 4 
528 848 834 1927 
1740 2362 2443 529 622 2124 1618 242 2393 2055 1532 1174 
214 611 1054 530 913 
1704 1494 531 2170 465 487 
2295 1407 532 
512 533 659 
155 1164 534 72 71 1891 1949 2353 219 182 1243 
55 801 1068 1338 1598 937 535 1364 2002 1132 1323 2350 2115 1822 1614 1527 1247 2329 2345 169 468 1882 1909 524 606 2420 392 
1077 372 536 2208 83 652 2196 2117 25 
2226 745 1083 201 59 537 
1969 1118 538 2043 718 1548 1245 550 681 119 
1072 539 
540 1944 
541 840 
1321 396 963 118 1136 2387 542 1216 272 295 2009 1243 155 1259 1330 2078 393 177 1883 72 2228 1510 1695 212 996 
543 728 918 500 2012 766 
1994 2354 2106 2405 544 2327 859 1073 1469 275 1978 187 
1091 469 2173 545 1177 1419 971 
546 1376 
2346 547 
2113 302 692 548 2279 1785 
1507 77 1853 23 2411 1271 2025 210 549 190 
1969 1118 727 1948 1748 538 1548 1875 1658 1245 1889 550 681 2065 119 2257 1936 
173 551 
1530 2115 2438 552 2222 1897 1064 
553 236 1740 2139 2124 1767 237 2055 1035 
2118 651 1720 554 798 
323 676 2349 730 114 555 
367 556 
2114 918 557 500 194 142 2012 189 1531 
558 1357 
375 31 1567 599 1437 796 903 825 2052 2156 1906 1030 631 1973 1876 1989 2169 2312 559 628 1954 996 1453 
560 398 268 1731 1803 1778 
947 2057 1727 832 1126 611 561 196 
1995 562 
563 1221 
1326 1989 2156 638 2347 1030 1876 599 564 
565 1253 71 1620 430 1243 
636 566 1720 2431 
1837 567 2352 2211 
359 568 2288 900 
276 569 1972 2165 
1693 1104 570 
2250 1536 1394 1520 1955 2295 571 
572 202 
573 277 
574 1652 
1028 102 575 1415 59 
828 576 1013 883 280 
118 577 2022 89 
1385 1911 975 2214 578 2395 
1219 579 1152 1720 
588 580 2283 1497 
319 929 581 134 
582 1338 1164 1818 820 1472 1286 2436 937 282 1926 2387 1151 1098 2423 1429 2052 803 1822 1116 298 2143 2278 1147 1115 1287 786 1577 2329 923 603 1257 1492 1154 873 910 917 2201 507 1380 
1385 1321 1171 583 1263 
635 1770 735 1558 584 425 2320 728 1383 194 75 984 1957 1032 1194 
53 585 1463 
1969 586 1548 1889 119 1161 
2079 1761 587 2370 
588 580 1410 1943 
1204 2155 1870 739 589 
23 2281 590 
2294 1405 591 
337 1183 1524 592 
1494 812 1063 1999 896 593 
943 207 324 910 714 767 1301 594 524 
1597 1889 595 
2369 1879 596 1355 2447 2260 798 1243 
1675 597 
1308 1218 711 1812 1583 598 1868 
1989 2156 559 638 1030 1876 599 564 
600 767 1598 41 
2034 601 1342 
602 1385 11 
155 621 1253 582 1259 108 603 1443 
826 1698 1344 98 604 2441 1139 
1507 77 303 2302 2240 1457 23 2218 210 1464 1760 1059 605 190 1639 
1098 2423 1933 1099 2420 1726 977 535 990 917 1894 980 1247 1151 1666 2002 1274 606 507 
2289 607 
2113 608 1560 1872 856 1525 1388 1171 1258 
2391 806 609 883 1820 2212 159 
371 610 
214 2281 947 1727 1478 2297 611 1548 561 1054 530 196 
1912 337 1119 1524 1048 1276 2105 2159 612 
1152 1347 1720 1219 613 
614 1870 
615 1261 
2328 1281 616 
617 2207 437 1640 
2403 2232 618 179 1475 
2072 2283 619 288 2407 1304 1497 
1969 620 1050 1889 681 1500 
621 1253 1164 1154 484 1136 996 603 744 1243 
1438 2443 529 622 2124 1618 634 1174 
1748 623 351 
624 2391 1548 
220 1273 625 1788 
1943 2442 478 626 283 2333 
1440 627 814 
1272 1372 1018 2254 2312 1634 559 1213 628 1171 1776 1042 2381 370 1134 
357 629 977 642 
630 353 1145 
115 1385 2259 825 903 2327 559 631 1453 1827 
1386 632 1704 
941 1171 124 633 
2363 1284 2436 2124 1833 1001 237 163 702 220 1086 866 1211 2325 308 2361 1201 1801 836 65 2207 1470 382 1234 2288 778 1740 2362 56 1436 622 757 473 1618 634 2055 1747 1351 659 374 2139 719 944 1377 1174 1873 663 2443 1984 1465 
1402 635 1899 968 584 728 1032 1021 98 
636 566 2431 
330 637 
1989 2156 1705 638 1030 1305 1876 599 564 
1702 1885 639 710 
1857 1554 1732 1012 640 1163 2053 
1545 1835 1564 1177 152 641 1419 455 
642 629 1253 389 
1597 1969 96 727 112 1215 2111 2001 976 2066 2303 2209 1537 2006 1237 1875 88 251 119 643 
644 1828 2311 
801 245 324 261 2337 1548 2197 238 1527 211 645 
1587 646 1383 
259 337 647 
285 183 706 648 
2295 649 
1483 1892 855 1732 1766 1705 1945 2074 29 1570 650 
2118 651 1525 1720 1879 554 1258 798 
536 2208 314 652 2117 
2394 2342 1036 1308 2149 653 759 117 
2014 825 1684 667 1464 841 662 654 476 273 1867 
655 920 1681 
1890 1004 1637 656 2145 2098 358 
1370 1326 657 2143 
2291 39 1893 176 2152 1639 1674 239 406 2327 2370 2366 680 769 1012 1670 1897 817 742 995 455 1256 1029 2079 1168 190 658 
634 512 1778 533 659 
379 405 1067 660 241 
1321 661 1975 1275 2353 219 1891 1243 
2014 654 1906 1757 662 354 1784 33 2318 439 273 1867 
663 634 56 
1727 1126 2297 664 
665 2090 2205 
666 43 
104 258 1196 1757 841 33 654 1758 432 1310 897 1457 1856 667 1609 1671 1074 1938 1049 2399 693 892 2240 
1555 668 1972 840 
1856 669 286 418 1074 
670 1548 
379 671 241 
672 2360 
673 198 
1548 674 
1386 452 743 1379 2069 1993 1378 489 675 39 1514 2226 724 1203 240 2448 1831 971 
323 676 730 1891 555 
1164 677 1472 72 2228 1216 
2126 678 
2004 93 2038 2345 679 
2370 680 817 742 995 1787 658 
1969 1118 620 1948 2157 2111 538 718 1050 1537 1245 550 681 1624 2065 2066 
682 2040 
2391 1272 156 683 738 806 1228 1753 2052 162 965 2030 1906 883 2212 1316 1973 1990 
684 303 457 
685 1548 1220 794 927 
1010 1947 2254 1825 853 686 335 
687 763 1626 2214 
2310 688 2041 831 1116 335 2395 
689 924 
1385 1029 1110 690 2160 975 1026 98 1397 
2349 1385 691 
548 692 
1049 693 667 
949 1603 694 
695 63 1162 2431 
696 1911 975 2214 2395 
1783 697 
173 2385 698 
699 1780 
1588 700 2196 1724 2288 
471 169 701 1196 1376 1758 
220 1505 634 332 702 
1596 1868 315 703 
704 2364 888 1539 1220 
705 1820 1548 
183 648 130 285 911 1080 706 
1290 1335 713 883 2212 1830 1019 707 1351 470 
200 708 1356 1793 
2364 709 
1969 487 263 1279 780 1687 142 639 1194 710 823 1500 
1308 148 1296 711 598 
1994 356 2373 137 1600 712 904 1231 1773 2327 747 859 1073 187 
719 713 1830 707 1351 470 
868 2176 1850 824 899 714 594 482 144 1925 486 2034 
715 1154 389 182 1243 
479 1493 2415 716 199 
1233 717 
538 718 1889 681 
926 1351 719 713 2212 634 1830 1019 1133 1112 470 505 
720 1994 875 1918 
721 1304 226 
722 1354 72 
723 1548 
205 39 2061 152 329 971 2080 240 2448 1386 140 1014 1993 675 390 1514 743 452 1379 2069 48 724 1787 
725 1398 
1143 1589 2307 518 296 1299 465 726 
1969 727 1839 1889 550 2065 119 643 
1402 635 1899 584 543 1315 728 918 1953 945 194 2012 915 1194 
2204 868 463 132 834 729 1574 1716 781 1178 
323 676 1321 849 2349 1975 555 1275 2078 730 2353 114 1891 1243 
2169 1528 731 738 
18 2129 732 
733 2438 1647 
1666 734 1839 
584 735 1412 1393 
66 806 462 736 1528 
220 737 
748 2318 982 427 683 738 825 162 27 2030 1906 1820 354 2391 1272 156 986 2312 1789 883 1206 731 934 2088 1300 
274 739 589 
302 784 740 
1630 1209 207 1228 2350 420 1490 741 1906 467 47 1387 912 934 1090 1852 
2370 680 1790 1287 176 1670 817 742 995 658 
743 452 1018 675 2080 724 1831 1787 
621 1253 1321 1154 1638 71 484 76 2078 1949 1258 744 2009 1243 
2373 1415 1835 1572 745 410 537 1425 229 2332 1965 46 898 1976 1849 1985 947 1904 2188 1855 2125 59 1239 
1225 746 1897 
245 2106 2373 239 1385 747 1600 2259 712 2327 1301 800 2130 1026 1132 
738 2367 748 1104 2030 
749 2254 2154 1561 2052 2046 1641 1766 375 1453 1950 2138 2255 2381 1876 
1286 1472 937 2009 357 1098 1429 861 1392 2280 1822 1213 750 2284 1752 1638 389 1115 1609 786 1577 923 1042 2118 1154 191 2201 1274 2420 
387 1438 2254 2278 1346 1641 404 1911 1171 1543 751 
752 1113 1524 1315 918 2012 766 1181 
753 518 
1969 754 
755 2047 
893 943 1039 207 1043 986 1228 1709 1340 756 2371 934 2258 
944 757 1111 1944 634 
758 813 
1596 1266 1812 878 653 765 1130 759 762 1868 
760 1013 
1310 1922 327 153 2372 761 433 2095 439 
1596 1308 1222 759 765 762 
687 763 
764 1371 
1596 346 1266 1222 759 765 762 1868 
752 1968 1113 543 1315 918 500 194 142 2012 1982 766 1194 1819 381 
1338 1598 594 767 41 600 299 
768 2330 
387 772 428 2366 769 1012 176 1670 1582 1203 2053 1787 658 
2391 770 1206 2275 
1209 26 771 828 
387 2389 1617 2357 772 185 2254 790 1346 1799 1766 1911 769 33 1900 273 
167 2373 773 
1375 480 454 774 1269 2089 1756 
1732 1571 775 1107 98 2441 
804 776 
2178 1145 438 777 
778 634 
1421 2144 779 1945 2074 2053 
780 710 
93 729 781 1574 
782 2185 974 2282 1934 
783 1145 
1901 784 740 
790 785 1911 2347 1787 
582 2052 1638 750 2228 786 
1811 498 115 12 787 211 1945 347 
245 788 475 
789 2424 807 
387 2243 185 2254 790 267 1346 1732 1766 1570 2216 502 1994 2044 1362 2270 1437 1008 1171 1945 1310 1617 197 1857 772 2405 1047 137 2312 785 1911 228 2138 2074 385 2343 1168 254 
2245 1253 324 2038 2150 791 2356 
792 2331 
1586 141 297 793 
802 2213 685 1664 306 794 
1941 2068 795 
2254 1289 1513 1950 1038 2318 2151 1437 796 825 2052 162 27 965 1213 1906 1784 2255 1973 1438 1487 1820 354 1776 1543 2391 156 806 2169 2312 559 883 1453 982 1134 
891 797 1393 1953 2340 1412 915 2206 
1416 1198 1560 1146 651 1525 1214 1388 596 554 1258 2447 1879 798 1243 
799 2243 513 2254 1911 
747 859 800 2130 
801 824 535 1381 144 41 1364 2002 1132 977 1677 1933 2402 2176 2349 1743 1424 645 2163 278 486 475 1323 1629 
306 802 794 
2423 582 1338 1472 1321 803 937 1822 1334 1979 2420 
804 776 
2289 1092 2368 1164 87 1289 2221 375 805 938 71 1951 869 1487 1949 
87 1289 1513 118 427 683 1437 796 825 1906 2064 1973 1070 1438 340 1820 159 1897 383 2391 1272 156 806 2169 609 736 883 2212 2000 1206 1954 982 2088 1300 
789 807 
1308 808 109 1588 
943 941 207 289 1543 827 45 809 
972 523 810 1949 439 
830 811 
1494 1851 1024 812 1063 2266 32 1999 593 271 2194 
2224 758 333 2321 813 
814 627 2043 2313 1278 119 
1628 815 1035 
2379 816 
2370 680 1790 176 1670 2152 817 742 995 1931 658 
1518 818 1735 470 1990 
2274 993 819 
1933 582 820 2420 1794 1147 917 1862 1381 1247 1151 507 
1751 200 1121 821 
822 2294 113 436 1135 134 
710 823 
714 801 824 324 
1289 375 1950 738 1437 796 825 2052 162 965 903 2030 1906 631 2051 654 2255 1973 1332 1228 1867 156 806 559 883 2212 2000 1954 1703 1453 
214 826 2151 975 98 604 47 
943 1043 904 809 1231 1543 827 45 1073 
1282 2391 828 2122 576 1013 280 771 371 300 
1386 2291 1423 2092 921 829 1827 455 
1071 830 846 1377 811 1046 
1861 1981 361 1950 688 2041 1717 2299 336 831 2244 1804 235 
947 2057 1727 832 561 
2032 833 
2204 2268 61 848 834 528 729 335 2365 1927 
835 1967 1788 
220 866 5 836 2207 634 
1738 1994 1062 1264 384 837 441 
838 1302 2377 
839 1143 1589 296 465 
1535 1256 668 1761 541 2349 949 840 1073 
1310 654 1922 1684 667 1196 1808 841 1758 2275 439 273 1867 
1495 399 842 1914 89 
971 843 
844 1220 1548 
864 845 1592 
1878 830 846 940 1377 1046 
847 1683 
132 848 834 528 1171 1927 
323 1321 849 1975 730 219 1891 
1550 850 1864 238 
1553 1733 1835 1177 2125 851 240 1827 2136 
1386 852 400 1798 1155 17 2019 1018 252 303 1271 2256 2427 2226 2120 70 
1010 1947 1860 853 2052 287 686 2041 1116 335 2395 
854 2007 
1055 855 1164 1472 72 1136 1509 650 
608 1388 856 
1586 2423 141 857 371 
348 2185 2319 497 858 
82 2373 2405 712 544 1103 1428 800 1469 1073 859 
860 1204 2276 969 1659 2165 371 
2284 1286 861 1006 750 2420 
270 862 1758 
498 288 863 1548 
864 845 1592 
865 214 2043 1054 119 
220 866 1749 1430 1640 836 350 634 
867 1013 280 997 209 
868 67 714 93 729 1178 
1164 87 375 805 1951 869 1487 1949 
1597 135 1548 870 
1308 871 
1348 6 1385 1674 239 1337 2130 872 
1586 582 1082 873 2274 1116 
874 233 
720 1994 1916 875 
1006 876 1509 
877 1911 273 
1308 878 759 
384 1264 879 1444 
1385 880 1561 1548 1950 2255 
881 2320 945 1957 1349 1654 1643 
1548 2132 882 119 1448 2408 
1164 1321 1513 1176 1839 576 427 683 738 796 825 27 388 280 273 1070 2310 1820 2391 2433 806 2169 609 883 2212 2000 1954 1453 707 982 1134 116 
98 884 
2233 885 
1614 524 1726 977 1301 886 1172 2002 392 
2245 2294 1405 2026 1956 887 326 
1516 704 888 
1750 889 
890 1963 1548 
891 797 1393 1953 2340 1412 915 
1049 892 667 
893 1630 986 1228 1753 79 756 1340 1730 138 1789 912 74 934 2258 1661 1244 
1154 894 
257 1037 1846 895 
1694 282 1926 397 1634 1319 39 1848 2041 896 2299 118 593 1116 1227 1804 1934 235 
897 1154 389 667 1404 
1386 898 1835 2226 745 1083 201 
1321 1598 899 714 1622 93 
359 568 900 
1481 901 1690 1768 
902 1385 
115 1016 1385 239 2367 2259 825 1417 903 559 2327 631 1844 1827 1397 
1385 185 2370 48 712 1761 904 1790 1171 827 
16 1524 905 
2391 1039 906 1017 1548 1220 1206 
907 1581 1145 1427 
1010 1365 297 1755 1384 1122 908 
2328 1281 413 1901 909 
582 1154 1726 139 435 278 910 1822 594 937 312 923 1151 1666 1243 
911 1080 706 
943 893 1630 207 1068 741 912 934 1661 
214 2316 1548 1054 1220 88 530 913 
2308 1013 914 953 1056 2039 
891 797 1393 728 1953 2340 1412 915 
916 1548 419 1987 2298 
1996 1933 2423 582 820 324 81 2397 917 1381 606 507 1485 
2114 752 1908 543 1315 728 918 557 500 194 1563 142 2012 766 1587 381 
919 2337 
655 1324 920 
1155 1385 239 1835 921 829 1419 1827 
2227 1523 922 
582 1438 1154 31 910 750 1147 1862 923 2009 1151 1380 
387 2389 185 689 1766 1432 924 
925 2242 2398 
926 322 1581 719 1830 
1209 1826 2213 2277 685 206 1664 927 
928 183 285 1096 
929 1678 581 977 2002 1380 
1814 930 1605 1342 2034 
1637 1161 931 1548 
1379 932 1993 
2192 933 1793 
893 222 738 1392 1228 756 1753 2082 27 1789 1213 2030 741 912 108 934 2258 1661 
2349 935 
2414 1506 414 936 
1098 582 1338 1321 1154 2026 803 535 910 1525 750 937 1247 2002 1274 
1538 2368 1289 2221 375 805 938 1951 1949 
1596 218 1308 148 1832 1812 2210 939 472 1130 380 1868 
1377 846 940 
943 941 207 1288 1043 1151 2280 1213 1603 809 1228 1247 1661 416 191 1530 633 378 1543 209 2420 
942 117 2394 2342 
943 1917 941 207 442 2420 1102 1550 912 1151 2280 756 27 1906 1171 47 320 827 809 1715 354 1661 1244 222 1301 594 1852 
944 757 634 
1076 881 728 945 1383 1957 1349 264 1654 1587 1643 
456 946 
947 1727 1126 832 611 561 2297 1985 1551 745 59 1208 
1855 2338 996 1026 948 
694 67 949 840 503 1736 
1524 950 1714 2209 251 
1994 951 401 1688 
259 952 
1037 1204 345 2308 1548 914 953 1056 
954 2002 2260 1380 
93 2038 955 2026 
1035 236 956 
1994 957 1911 1017 
958 1798 1271 
959 1935 
1596 1308 148 1296 960 
357 961 
85 1991 962 
272 1989 1259 963 1883 2228 1136 542 1216 996 1482 
2085 2374 964 1854 523 1548 1085 1161 2007 
2391 156 683 796 825 965 1420 1906 2212 2000 2071 
1287 966 2395 1069 
967 335 
635 968 
860 969 276 1214 170 2165 1167 
2391 970 159 1206 
205 39 1915 2226 1083 1469 971 1425 843 2448 317 140 1014 1993 2405 36 545 1932 1976 1551 675 1779 1514 70 1073 452 1379 2069 1149 48 2256 724 490 2033 
972 348 810 
973 240 1346 2254 
974 1934 782 
696 826 1016 2373 46 1110 690 2293 2261 975 578 410 98 
119 1969 976 643 
1495 2423 801 929 1323 1730 629 1726 977 278 1480 886 1171 1038 127 2002 606 89 
2246 978 1387 
465 979 
1933 18 1381 980 606 
981 1694 
806 738 796 883 982 1300 
321 1052 983 291 369 1112 470 1990 
584 984 1558 
985 1768 
893 1630 986 738 1823 756 2367 2030 1541 
987 2161 
314 988 
1040 989 
1120 606 990 
991 418 1856 2373 
1556 367 1421 2144 992 
993 819 
994 1056 
2370 1834 680 1790 176 817 742 995 658 
2057 963 1128 1549 1136 542 272 155 621 2330 1062 1259 2156 188 2133 1291 2018 2323 1556 1438 158 2262 513 2144 1034 1695 1958 559 1954 996 2170 415 1813 948 
1467 2023 867 997 1606 
998 170 
999 1262 2406 1684 1915 1942 
1040 1000 1243 
473 1944 634 1001 1747 
1994 137 1554 1002 367 1163 1787 
1917 1051 2062 1003 1649 2446 
1004 1637 656 2110 358 
1005 1506 414 
357 1253 861 1861 1006 1935 876 1509 
1007 1410 
2389 1385 185 2254 790 491 1008 1089 273 
1009 1417 2300 
1010 1947 1576 141 1913 166 361 853 1883 686 2041 1116 335 908 1804 235 
1597 1037 257 1846 1252 1011 
156 1946 406 1026 2366 1906 769 1012 640 2144 1670 1790 2053 658 
1282 1575 828 576 1490 1013 280 760 1606 420 1310 526 90 1922 867 914 2391 169 1467 1206 300 2088 
1014 724 349 2256 1572 2226 2059 1083 2135 971 
232 1015 
167 1016 1385 2373 1372 1327 46 903 1849 410 229 1844 975 1083 201 59 2108 
906 957 1017 
1929 428 2381 17 1385 2019 1018 240 1824 1831 1397 852 1553 2410 400 452 743 628 1911 1168 1787 
719 1911 1019 707 1133 1351 470 
371 1020 
1021 635 1558 
1997 2294 1405 1022 326 1781 
2295 1023 341 
812 1494 1851 1024 
220 1025 
2106 690 1442 1012 747 1026 2160 948 
1121 1027 
2137 575 1028 1760 
1029 1110 690 98 658 
1326 1989 2156 559 638 1030 599 564 
1031 2412 
1402 635 584 1032 98 
1033 2056 1950 
2312 2052 1034 996 
553 1628 815 236 2324 956 1035 
1308 653 1036 
1597 1037 1798 1846 1457 1445 1150 262 2308 520 34 1662 895 953 2240 1829 1011 
1495 387 2264 399 796 977 2041 1038 1116 
348 245 1039 2163 261 458 756 1823 906 2115 1548 1780 2049 
1282 2264 1530 1213 1040 989 1000 209 
1041 1260 
1451 1154 1213 484 628 1171 750 1042 1151 2002 1380 
941 207 1043 97 756 827 1207 
1044 395 
2316 2364 1490 412 1045 1220 2071 
830 1377 846 1046 
1617 1228 790 1047 1911 1570 2074 2343 1168 
1912 1048 1276 612 
1049 2229 667 693 258 892 33 
620 1050 1889 681 1500 
1917 1051 442 2446 2062 2101 1219 284 1898 1003 
321 1052 983 1377 1830 369 1112 470 1990 
1812 1053 
865 214 112 2081 611 1245 1054 530 88 2065 119 913 
1055 855 1472 1525 2349 
1633 1204 2308 409 1252 2380 1870 1659 914 953 1056 318 2039 994 
2391 1057 
2335 1058 
2014 2281 23 210 1915 2427 1464 1760 1059 605 
1060 1884 
1061 324 
1994 1905 1062 1385 178 137 367 211 996 837 1163 
1494 1851 812 1063 1999 593 338 1579 2170 465 
1064 552 
1392 2436 1065 357 
224 1066 2190 
379 405 1067 660 241 
348 1068 2350 1104 535 1247 912 1909 
1431 340 966 1069 2041 2299 1426 1116 2395 
2391 1989 806 2169 118 883 1070 
830 2038 1071 324 
1072 539 
1994 2044 207 222 2373 137 712 544 428 1732 1591 1945 2074 840 2381 1469 1073 827 971 859 
1638 1856 667 669 1609 1718 1398 1074 
1525 1560 1075 
1076 945 
1077 372 536 2193 2117 
1924 1166 1078 1910 
2391 297 2203 1516 1279 1079 2070 1384 1693 2100 1961 1607 1122 468 2384 1482 1821 
174 183 130 285 50 911 1080 706 1221 
1081 1253 1321 2228 76 1193 182 
1082 873 1368 
1016 1014 417 537 1285 46 898 1320 39 1855 1572 2226 2059 2125 1083 201 33 1669 971 
2444 1988 191 1084 
342 964 221 1854 345 1548 1085 
1086 634 
1596 1087 
187 1994 2373 1088 
2243 1554 525 1008 1089 1911 86 1397 489 
66 348 2151 462 2246 2052 2350 741 2212 2071 1090 
1091 1553 2373 545 1733 
1917 1092 1154 805 2318 
1093 1343 
2351 1094 
1095 470 
928 2235 130 285 1096 
1628 1097 398 
1098 2423 1657 582 1338 1257 444 2420 937 1822 89 750 2183 1147 1387 298 1151 1274 606 507 
1726 1247 1099 2002 606 
1739 1290 1100 
1101 1369 
943 207 289 442 2280 519 1102 138 1171 1945 2074 1543 47 1244 
859 1348 1103 
1068 1516 1279 2367 2068 1104 748 314 1961 2203 2350 1490 2049 2030 248 1387 2242 527 1709 1693 1821 570 
2326 1105 
248 1106 
2151 1107 1110 1911 775 1168 2441 
1108 1548 1206 1668 2257 1161 
1109 2215 
111 1385 1107 1029 1110 690 975 1168 2160 
1111 757 
321 1052 983 291 719 1830 366 369 1112 470 1990 
752 1968 1113 500 142 2012 766 
1836 1114 
357 2423 1429 582 245 278 750 2038 1115 1151 1380 
582 282 1926 397 1634 1567 39 118 1038 1816 2395 1694 361 2041 896 2299 1116 2064 320 235 340 1319 1069 1370 1897 1804 1010 1947 156 853 873 688 1946 
2096 2068 1117 
1969 1118 96 112 2001 2248 538 2043 2209 1462 1245 550 681 1680 251 119 1169 1500 
337 1119 2269 1393 259 612 
1120 990 
1377 1121 1027 821 
1516 1079 1384 2122 1482 1122 908 
1586 1123 2421 
1124 1548 
207 222 1125 162 1213 1171 1945 1577 
664 947 1727 1126 2297 561 59 1827 196 
1127 1692 
1128 996 
1129 1548 
939 1868 759 1130 
1205 1131 2094 
801 2345 535 1909 747 1364 2002 1132 
1335 719 343 1019 1133 1351 470 
2391 1553 427 1919 796 388 1839 628 1171 883 1973 1134 
822 113 1158 1135 134 
272 1695 621 423 1989 855 963 1705 72 2228 1136 542 996 
1137 1648 1703 
348 1367 2212 1138 2071 
98 604 2441 1139 
2400 1140 2167 
98 1141 1571 
1308 1142 
839 255 2057 1143 1589 296 465 726 
2296 1144 
907 1339 2178 121 249 783 243 2142 630 521 2440 1145 1427 1581 143 2091 438 777 
1146 108 2378 798 2198 
1098 1380 1429 582 1933 820 2420 1154 1147 1213 1862 1381 1577 923 1151 1666 507 
2204 1148 
2117 971 1149 
1037 1155 2373 1150 1252 
943 941 2084 582 1338 820 1286 282 1926 1381 1151 1098 1429 1906 298 45 1933 2183 1147 1115 1577 923 1042 1657 1492 416 100 910 2201 606 2420 
1152 579 1898 395 613 
305 1153 
715 2084 1188 582 1286 1160 2435 937 1794 1862 2130 173 2009 127 744 1443 1243 1192 2423 621 2052 1822 750 1979 1906 280 431 1666 45 1092 2284 1253 897 1638 389 1334 1147 1247 923 1897 1042 2204 1154 1726 435 894 910 1274 1323 507 
852 1798 1155 426 1547 1150 23 262 1849 1185 2136 921 1327 1559 123 1639 
1403 1156 
1798 1385 1512 1157 1547 23 59 1239 
1135 1158 134 
1917 442 18 1159 365 
1154 1160 
586 2145 964 1108 931 221 1548 2049 1161 
695 1162 2431 
1738 1994 1062 6 137 1554 1002 489 367 513 1623 640 1461 1163 1787 
2289 621 582 2368 1164 1259 1321 855 677 1472 2221 534 805 71 883 869 1879 1949 2420 
174 1165 
1166 1078 1636 1173 1498 2079 1893 496 
371 1167 969 
1994 1617 1018 2254 790 1047 1346 1107 428 1337 1110 1911 1168 658 
1969 1118 1169 
1170 2373 
943 267 2254 790 1102 2318 608 904 1392 162 977 138 1213 27 1906 1171 751 1228 2278 1752 848 1125 1263 583 1776 1042 1661 1244 222 100 633 628 108 1543 1134 1465 
886 1726 1172 
1173 1166 
2419 2443 529 622 374 2124 1618 634 1174 
1175 437 
1597 883 1176 430 
400 469 545 1835 1564 1177 1422 101 851 1419 641 1694 
868 93 729 1574 1178 
5 1874 311 1179 
1812 1180 1832 
752 1181 
1182 1737 511 
2171 1183 592 
1491 1184 
1155 1185 2025 
1186 2372 
141 297 227 1187 280 
1154 1253 1188 
95 1306 368 2263 1189 
1190 1548 
1191 1733 1320 349 1835 2059 2226 
1154 1192 
1081 1321 72 71 2228 76 108 1193 225 182 
1542 584 728 1690 766 1194 710 
1195 414 
1272 701 2373 515 1922 1684 2025 667 1839 2030 1906 1942 1196 841 354 1758 2275 439 273 1867 
1220 1197 
798 2118 1720 1258 1198 
1199 1271 
1488 1704 2081 1200 1548 165 
1401 1201 504 65 634 
1202 1363 
1385 2069 1378 675 2349 231 769 1203 2448 1397 
860 1204 2276 274 2308 2039 409 2380 1962 2292 1870 1659 1939 953 1056 371 363 318 589 
1205 168 7 1508 1548 1220 1206 2054 1131 
1860 1560 2367 1108 738 1490 1013 1679 1238 2306 159 1205 2391 970 806 906 2212 1206 2088 1300 770 
1892 1043 1385 97 1911 319 1207 
1798 2281 947 1845 2214 1208 
1209 1490 741 2344 771 371 927 
2415 2426 2372 1210 433 
220 1211 2325 279 2361 429 1430 1797 2207 634 
2005 1212 
941 2254 2151 1392 2280 796 162 27 1213 1040 1906 1171 750 2236 1228 2278 1753 2410 1125 151 1147 1042 1257 1661 1272 1789 628 934 1937 
1586 2423 348 1818 969 276 1214 2143 798 
1969 1215 2001 2303 251 119 643 
1695 155 677 1259 963 250 2228 542 1216 272 
1225 1217 1897 
1308 1218 1812 2210 1222 3 598 
1051 2104 1807 411 2127 2274 579 2101 1219 1649 1898 613 
704 214 2367 2110 1045 844 358 7 393 2396 221 1238 2146 685 482 913 1197 1205 2081 1508 906 1220 269 
130 1080 563 195 1295 1221 
1596 1218 1266 1222 765 762 1868 
466 1223 
2349 2038 1224 324 
1774 746 1217 1897 1225 
2334 1226 1580 1830 
1774 1929 1227 896 118 2395 
941 207 1346 232 683 1392 1437 756 825 388 138 1213 2030 1171 1945 1978 1228 1753 1047 1883 741 2378 893 2343 1453 934 
121 1229 2016 1594 
1230 1798 2015 
1385 2370 48 712 1761 519 1231 1790 827 
2349 1428 1232 
415 1233 2143 717 
1234 634 398 
1235 2373 
1596 1236 1724 
1237 643 1889 1936 
1238 1889 1220 1206 
1157 2373 1547 46 1855 229 745 410 1239 
1240 395 
484 98 1241 1706 
168 2391 66 1242 2396 2198 
715 1336 1560 1544 1321 1284 661 534 1525 542 163 730 1258 744 2260 1243 155 621 1259 1330 481 1388 2304 1000 2078 1949 798 182 430 1253 2368 389 2305 2228 596 1355 1891 1695 2369 1416 565 172 1154 374 910 10 1975 108 431 219 1620 
943 893 1630 207 1102 1171 1661 1244 
1948 2307 518 1245 1054 550 88 681 119 2066 2248 2043 2234 1936 1969 1118 1610 1680 112 2111 538 1658 1889 1515 
123 331 1246 230 
941 1068 1338 442 820 937 1794 535 1364 1099 1914 2350 1822 2101 1666 320 1933 1319 1247 2329 2345 169 416 1154 1726 1894 468 1909 524 606 2420 
1248 1548 
1249 507 
1842 1312 1960 1250 276 2165 464 
1809 1251 
2426 1802 520 2025 2155 1252 1665 1150 1310 1457 1922 1741 2099 2020 1056 1011 456 1633 309 2219 34 2240 281 
1188 1336 2435 1321 76 163 295 2009 1258 744 2260 1243 621 2304 2078 642 430 182 1081 2284 1253 2368 1006 389 71 2228 791 603 2369 565 1154 374 2286 
1777 2140 1254 
1377 1255 398 
1256 1761 840 201 503 658 
1098 582 1338 132 1789 1213 1525 1274 1257 1380 1927 
608 1198 1253 1560 2435 2306 651 1525 1258 744 2260 798 1243 
155 423 1164 1259 1321 963 2348 72 1883 2228 542 1216 996 603 1243 
1041 1260 
615 391 1459 1261 
38 1262 999 2406 1942 433 1313 
1171 583 2310 1263 
1994 1264 384 837 441 879 11 
1298 1265 
1266 1222 759 765 1868 
1267 1948 150 
1268 1964 1560 2260 
1890 1748 774 1269 
1270 1946 2025 2295 2214 1760 
400 852 181 1798 1199 252 1271 210 2015 2427 2120 70 958 549 
2391 1272 156 683 738 806 1437 1213 2030 628 1196 1820 354 
1273 625 
937 2002 1098 2423 1822 750 2284 245 1638 389 238 1527 1897 1257 444 1154 1726 278 2286 1274 606 2420 
1321 661 1975 1275 730 1891 
1912 2159 1048 1276 1587 1643 612 
1853 1277 
146 1278 814 
1704 297 1516 2322 1279 1079 1104 1384 1693 1607 710 
1280 1963 1548 
2328 1281 616 909 
1282 2391 828 1040 1013 
1994 1283 2000 1548 
1284 634 1243 
1285 2373 1083 
2423 582 1818 1286 861 1154 750 1151 
582 239 147 361 2259 966 287 1337 2327 1287 742 2395 
941 1288 
2391 2368 806 2154 1289 796 825 2052 2221 1513 375 805 938 1951 1487 1453 
1479 1595 1737 1679 1290 1746 2401 1360 2013 1376 2011 707 1100 
1291 996 
2337 1292 
1966 1293 
2105 1499 1294 
1221 1295 
1596 1308 1296 711 1812 1959 193 960 
2385 2084 1297 1666 2420 
1298 1265 
1299 465 726 
2391 806 738 1516 2169 2212 1820 1206 159 982 2088 1300 
943 207 1301 594 886 747 
838 1302 
2407 1303 
619 2052 1548 288 1304 721 
1305 2156 638 1326 
2445 95 469 1306 368 1991 85 2263 1189 
1660 204 1307 
1596 1036 1395 1599 939 808 109 1218 2040 711 1959 2149 878 653 3 762 380 1142 315 2394 2342 218 1308 148 1296 871 2210 193 960 472 1583 1588 598 117 
1309 462 223 1387 371 1972 
790 1252 1942 433 2095 1808 841 19 1013 439 1597 1310 95 1521 270 1922 2075 667 1991 153 2372 761 2088 
2022 310 1311 424 2018 
1312 1250 
38 1262 1665 2406 1915 1942 433 1313 
1942 1846 439 1314 
752 1968 1315 728 918 500 142 2012 766 1587 381 1531 
2243 683 2254 1346 1911 1906 228 1945 2138 1316 2074 2343 
1597 1317 2179 2094 
1318 1923 
1431 2081 52 287 1839 1883 1319 2041 896 1914 1247 1116 1426 320 2395 
1689 1191 1733 1320 349 1835 2059 2226 2061 1083 
2289 1336 1544 1164 1321 661 937 1525 542 295 730 744 1243 1259 803 1822 899 1330 1275 2078 849 2353 182 430 1081 177 1253 389 72 71 2305 2228 583 114 1510 68 1695 2369 1416 1685 883 212 1193 1620 
174 1322 
357 1933 801 2402 245 2346 324 261 1154 1726 977 535 278 2002 1323 
1324 920 
1325 1897 
1326 657 1989 1626 1030 1305 1876 564 
1016 1155 1372 2280 2057 23 2108 1327 
1328 2444 1988 1881 1897 235 
2177 1329 
1544 1321 1330 542 1243 
2347 1385 1331 
1332 2169 825 2052 2212 
132 2045 1449 1333 
1154 803 1334 
1998 366 1335 1830 1735 707 1133 369 1650 
1321 1336 1253 1243 
1348 6 1385 1674 239 1337 1287 872 415 1168 
55 1098 582 1338 1598 2026 535 71 1525 767 803 1822 1794 1247 298 1151 1257 2420 937 
1339 2178 521 1145 1427 1581 
893 1630 2391 207 1340 756 2258 
1341 1553 
2102 930 601 1342 2034 
1093 1343 
1344 604 
1955 1345 1520 
387 2389 2243 185 2254 790 491 1346 2046 1641 1766 1391 267 404 31 1570 502 1385 2270 1705 1906 1945 751 1617 197 772 1892 1228 2278 2312 1911 228 2138 1316 2074 385 2343 973 1168 
1399 1347 1898 1720 2101 339 613 1903 
1348 872 1337 1103 
1542 881 2320 945 1383 1957 1349 1587 
1350 1769 
719 713 343 2212 634 1830 1019 707 1133 1351 470 1990 
1352 2208 
1388 1353 1886 
1922 722 1354 
175 1496 389 596 1355 2447 182 1243 
2166 1356 73 708 1418 1465 
558 1357 
403 1598 2197 2038 173 1358 
1615 1359 
1360 1739 1290 
314 1361 4 
1597 1362 2254 790 1732 1945 2074 385 1570 
1202 309 1363 
801 169 535 1247 1909 1364 2002 1132 
2289 1384 1365 908 
1366 2390 
1367 2049 1400 1548 2212 1138 2071 
1836 2446 1082 1368 
1101 485 1369 
2374 657 1950 1370 1116 2143 
764 1615 227 210 2295 201 190 1371 
1386 1553 1507 1016 77 1372 1983 227 1929 1327 2410 628 1835 1911 2108 286 1827 
1373 1548 
220 5 279 1417 1640 350 1374 
774 1486 1767 1375 
701 1800 1290 1746 546 2013 1376 1808 19 1758 2011 450 
2166 1878 1052 830 1121 846 940 1377 1046 634 1255 1871 
1385 2069 1993 239 1378 675 231 1514 1203 1397 
1386 1379 2069 1993 205 675 349 390 971 1514 2226 2080 932 724 1787 
929 1443 582 1257 1492 1392 2420 1147 1115 954 145 1577 923 1042 127 2002 378 1380 1937 
1933 801 1429 820 1516 2420 2183 1147 917 1862 1381 2329 2201 1151 980 507 1485 
2122 1845 1382 
1770 584 2320 945 1383 1957 1349 1587 1643 646 
1365 297 2203 1755 1516 2322 1279 1079 1821 1883 1384 2122 1122 2100 1482 1607 908 2384 2007 
1016 1466 2154 1346 2221 428 1513 1391 691 1915 1950 335 747 1203 1428 2160 294 602 1062 1385 1018 178 1425 880 406 1774 1378 1921 1337 27 2270 1008 903 631 902 33 2448 1397 872 2336 197 1919 2370 1834 2366 1110 690 231 583 354 921 578 455 1512 1231 2188 1331 2131 1157 904 1207 11 
2291 1423 1835 152 1694 1639 17 632 829 1386 852 1372 898 1849 2297 675 2092 70 1827 455 400 1379 724 
1098 1657 1309 978 2068 1104 2350 741 2212 1387 2201 
608 1560 1525 1388 856 1353 2260 798 1243 
520 2020 1389 
491 1398 273 1390 
387 1385 2254 1346 1391 1911 
1065 1919 1661 1228 1392 79 1730 162 100 1213 750 1171 934 1380 
735 891 797 1119 1393 1953 2340 2042 1412 915 1943 2206 
2295 1394 571 
1395 1308 148 2040 1712 
1965 1396 1534 1958 
1385 1018 239 2154 1378 903 1089 2349 690 231 294 1203 1397 
725 1408 491 1684 1074 1398 2180 13 378 1694 1390 
1399 1347 1720 
1533 2391 2052 1367 1400 2212 2071 2396 
1401 2418 2317 1201 107 504 1742 
1402 635 728 1032 
342 1403 216 1156 1865 1548 
2433 1595 169 897 397 2315 1977 1489 2387 2398 2358 1404 2134 
1022 1762 1997 2230 2294 1405 591 1406 256 887 62 
2294 1405 1406 
2295 1407 532 
1398 1684 1408 
1597 1409 2094 2054 2309 
1943 1007 301 2365 2333 2206 588 1410 
1702 1885 1411 
735 891 797 1393 1953 2340 2042 1412 915 
1413 217 
484 1414 
54 1415 745 575 
1416 1560 1544 1321 1879 1858 2260 798 1243 
1009 903 1417 2380 1844 1374 2300 
1356 1438 1751 2196 1418 
1545 469 545 1835 1177 2063 152 1844 101 1419 1965 921 641 2263 
467 156 965 1420 
1994 1421 2144 1655 992 779 1469 1931 
1177 1564 1422 2063 
1386 1423 2092 829 455 
801 245 324 261 238 1527 1424 
1385 1425 1985 2332 745 201 971 
1431 1495 1883 1319 1069 1426 1914 
907 1339 2142 1145 1427 1581 143 
82 1385 2373 1600 2119 1888 1232 859 1428 401 187 1688 
2423 1429 582 1492 282 2392 1926 1502 2183 1147 750 1115 1862 1381 1577 1950 298 1151 507 
220 866 1211 2325 279 1430 382 
1431 1917 203 52 1319 1069 1426 320 1914 
1432 924 
157 1433 1708 
1434 2437 
59 1564 1435 
1436 634 
1272 156 806 2169 790 1437 796 825 2052 162 2312 559 1228 2030 1906 2138 1453 1973 
806 1438 1886 796 622 923 996 751 1418 1465 
1542 1439 
1597 1610 2337 627 2043 2006 1440 
319 1678 1441 
2106 1600 1442 33 1026 187 
1593 2423 1380 1154 298 108 603 1443 
1444 879 
1445 1037 
2330 1446 157 262 153 1478 2427 2120 451 
1506 1447 
1548 882 119 1448 2408 
1333 1449 
1450 1737 1679 1942 1808 19 2214 
1451 1042 
1452 2130 
156 1913 749 1228 2312 1437 796 825 2052 1289 559 2030 1906 883 631 2051 1453 1973 
1579 1454 1851 1676 
1942 2057 1455 
1456 1765 
1037 257 1457 122 667 1252 605 
2038 1458 
1459 1261 
2445 1460 
1556 137 367 1461 1163 
1969 1118 1462 2065 1500 
585 1463 
1507 77 2281 654 23 2025 433 1464 2214 451 1760 1059 605 1845 2033 
1356 1438 1752 2278 1171 634 1465 
1385 1466 
1467 2023 1013 997 1606 
1785 1468 
1994 2044 137 2405 544 2036 1421 2216 1655 1570 1073 1469 971 859 
1470 634 163 
2257 1471 1668 
1055 582 855 1164 677 1472 2221 1513 803 1950 1525 750 
2161 1473 2373 2130 
2413 348 1474 
2208 2403 2232 618 1475 
51 1775 230 1760 1476 1867 
2206 1477 1943 
1446 2355 262 153 611 1478 
1479 2212 1290 
977 1480 2127 1649 127 2002 
901 1863 1 492 150 2170 1481 
297 963 1079 1384 2122 1482 1122 2007 
1483 650 
1754 1484 
2423 1657 1815 917 1381 173 1485 
1375 1486 1767 
87 1289 796 2221 375 805 1951 869 1487 
1488 214 2217 1200 1548 165 
2358 1489 1404 
1933 2391 245 1209 261 524 2068 1104 1548 1045 741 1490 1013 2212 1206 2071 459 1666 439 
1491 1184 
1429 582 1492 416 1577 298 1151 1380 
1493 2415 716 1851 338 1579 445 199 
1494 1851 1958 812 1506 1869 1589 1024 1697 1063 1534 32 448 593 2266 531 271 
1495 2084 977 278 1038 1426 842 1914 89 
173 1355 1496 
1597 2283 619 580 1497 
2337 1166 1498 
2072 337 2171 1590 1499 1294 
1704 1948 1627 88 119 2066 710 377 2248 2043 2209 251 2234 1500 1969 1118 1610 96 620 112 2157 2111 1462 1050 1658 1515 2174 
1521 1501 
1429 348 2093 2022 1502 
371 1503 2143 
285 2235 1504 
702 1505 
1811 936 255 1494 1851 1447 1697 1506 1005 1673 32 414 1719 449 2414 1601 
2014 1507 77 1853 1372 227 2137 23 1464 101 605 549 
1205 1508 72 1220 430 182 
855 1006 396 876 1509 
1321 212 542 1510 
2409 1511 
1157 1385 1512 1547 2188 
1385 806 1472 2154 1289 796 2046 2221 1513 118 883 
1379 1378 675 1514 724 971 
214 1245 1889 1515 1500 
1704 297 1516 2322 1279 1079 2068 1104 1548 888 1384 1381 1961 1607 1122 1300 
1625 1517 1589 445 
1998 1518 818 343 1830 1735 
1589 448 338 2170 465 1519 
1345 1520 1955 318 439 571 
1310 1501 1521 110 1922 
2231 1522 
1523 922 
752 1912 1524 950 905 307 2012 264 246 612 592 
1055 1560 1544 1338 1472 1321 937 651 1075 1525 1258 2260 1243 608 1822 1388 798 182 1257 2369 2420 
1637 1526 
2402 245 324 261 2435 2163 52 535 238 1527 475 1424 645 2002 1274 
1528 736 731 2169 
1529 16 129 2209 
941 2280 1530 2115 1040 552 
1315 557 500 1587 1531 
1532 529 106 
1533 2391 2049 1548 1400 2212 2071 
1494 1958 1534 1396 2170 
1535 840 
1955 1536 571 
1969 1537 1889 681 643 
1538 938 2144 2319 118 1841 
704 1539 
1540 2435 
986 1823 1541 
501 1542 1194 1349 1690 1439 2249 
941 1919 809 796 2420 100 1102 31 47 1171 751 108 1543 827 45 378 1661 
2289 2369 1416 1695 1560 1544 1685 1321 1330 1525 212 1879 2260 182 1243 
1545 469 1835 1564 641 1419 
1596 1546 
1155 1157 2373 1512 1547 2188 1239 
1811 342 1403 1516 1248 1548 2132 1190 1448 2408 226 1488 1108 705 1304 1161 2298 870 1200 611 483 953 913 2085 1963 458 1823 906 1283 506 1860 1948 2307 1367 518 844 88 288 880 516 1866 964 447 221 523 2048 1854 2099 1728 1829 1205 2391 1373 916 550 674 2341 586 723 517 1850 1490 213 1795 2179 2396 1124 247 931 345 2146 685 1129 482 510 206 1650 1533 538 1821 2181 1838 863 103 1950 882 624 2049 1085 1280 890 2234 1039 670 522 645 189 2081 2111 34 468 
118 1549 2395 996 
943 1550 207 850 
947 971 1551 
1552 1958 1869 465 1585 
1929 428 404 1839 2238 489 1931 1091 427 111 1018 2151 388 1341 1906 1553 1372 2410 46 2069 1554 1904 851 59 1134 
1553 2254 1554 1002 1089 640 1670 1163 
232 1555 668 223 371 1972 
1556 137 367 2144 992 1461 996 
1958 1869 1759 1557 1707 2133 128 2170 
1558 584 984 1021 1587 
1155 6 1888 2388 2381 1559 
2369 2391 1416 1560 1544 2073 608 1964 1075 1525 1388 1693 1206 1879 1268 1258 2260 798 1243 
1989 749 880 1561 2052 1950 
1734 2181 1562 
918 1563 189 2012 
303 1545 1177 1835 1564 2125 1422 2063 1965 453 1435 641 2033 
2050 1565 
466 1566 2349 
1989 2169 2052 1567 559 2041 1116 415 2395 1931 
1835 1585 1568 
1569 233 
1994 1362 1617 2254 790 1047 1346 1766 1911 1945 2074 1570 1469 650 
1906 1141 775 1571 98 2441 
1014 2256 1572 2226 2059 745 1083 2125 
1573 318 
2204 2428 93 729 1716 781 1574 1178 
1575 526 1013 
1010 1576 
1429 2423 582 1492 2392 1125 1147 750 1577 1151 1380 
1578 186 2196 160 
1493 1851 1869 1063 1454 414 1579 
1226 1580 
907 1339 926 1145 1427 1581 
769 1582 
1308 2040 1583 598 
1584 2383 
1585 1552 453 1568 
1586 141 857 1123 873 1214 793 
1912 1558 1315 918 1276 1383 2320 945 1957 1349 1587 1643 646 1531 
64 2342 1308 148 1599 1588 700 808 109 
839 1494 1869 2057 1143 1589 296 448 1517 726 445 2133 2170 465 1519 1625 
1590 337 1499 2105 
371 2423 1073 1591 
864 845 1592 
108 1593 1443 
91 1229 2016 1594 
1595 1404 169 1290 
1596 1546 1308 1296 1087 1812 2210 939 1959 1222 765 3 759 762 193 960 1236 1832 1724 703 
257 1176 208 2094 88 2054 2309 1409 1037 141 1317 2283 1362 2043 643 2179 2234 1597 1890 1637 168 1610 1310 215 870 2048 2316 482 1440 1497 1011 1768 595 1889 2071 24 2088 
1338 41 1598 535 2431 899 767 2345 600 1358 1909 42 
2394 2342 1308 1599 1588 
2106 2373 1600 712 1773 1442 747 1428 187 
1506 1719 449 2414 1601 
2035 1602 
941 1603 694 
348 1604 1828 1703 
1814 930 1605 
18 1467 2068 14 1013 325 997 1606 507 
141 297 1516 1279 1079 1384 2122 1607 
2283 1608 
357 1684 1638 667 750 1609 1074 
1597 1969 1610 2043 1440 1245 119 1500 
44 1611 
1994 178 1857 137 1732 1612 
1613 209 
886 1614 535 392 
1615 1359 17 1371 
474 2121 1616 
387 2389 1617 772 185 2254 790 1047 1346 2327 1911 228 1945 2074 385 2343 1570 1168 
2443 529 622 2112 374 2124 1618 634 2055 1174 
2170 1619 2214 
1321 565 1620 1243 
1621 67 
1622 2038 899 324 
1163 1623 
681 1624 2065 
1589 448 1517 338 445 2170 1625 
1326 687 1626 118 131 
1969 1500 1627 
1628 815 236 1035 398 1749 2182 1896 1097 
801 2002 1629 
893 1630 207 986 1753 1340 741 912 1244 
360 1631 
1632 169 
1252 1633 1056 
340 1634 628 896 1116 2395 
240 1635 2238 
1166 1636 2079 1893 503 
1597 1004 1637 656 1890 931 2110 1526 
357 2284 2118 1752 1154 1726 139 1638 389 2305 1609 750 1074 786 2447 1274 744 430 
1386 1994 1155 2281 1639 2302 2137 2175 2218 2167 1991 605 1787 190 658 
220 866 617 5 1640 1374 1721 332 1682 1788 
387 749 2254 1346 1641 404 1911 1945 2074 2381 751 
384 1642 2435 
881 2320 1276 1383 945 1587 1643 
227 1779 2373 1644 
1645 1819 
1646 22 266 
733 1647 2438 1918 2378 2198 
494 508 1800 1137 2212 1703 1648 
284 411 2127 2446 1480 2274 2101 1219 1649 1898 1003 
1335 1548 1650 
1651 2296 
574 2440 1652 
1981 1653 
881 945 1654 
1994 1655 1469 1421 
1656 2404 
1098 2423 1657 2068 1822 1387 298 1151 1485 
1969 2043 1658 1245 550 2065 119 1500 
860 1056 1204 2276 409 2380 2292 1659 1939 318 1870 
1660 1307 
943 941 893 1392 2312 18 2280 1753 100 27 1789 1213 31 1171 912 1543 934 209 1661 1244 
1662 1037 1846 426 
476 1663 
1664 794 927 
1665 2406 1252 433 1313 273 
1933 416 5 2364 1154 1490 734 435 910 2049 1297 1862 1894 412 1247 170 1147 1666 606 507 
1667 2108 
1471 1108 21 1668 119 
201 1669 2059 1083 
1554 404 1732 2366 2144 769 1012 1670 817 742 2053 2395 658 
1800 520 667 1671 2020 1758 
1672 81 2068 507 
1673 1506 169 154 
1674 2370 1921 1337 1834 872 658 
316 1675 597 
296 1454 1676 
801 1677 
929 1678 1441 
1450 1798 1679 1290 2095 1808 19 1206 511 
1969 1118 1245 1680 
655 1681 
1640 1967 1980 1682 1788 
847 2067 1683 2058 
999 1408 1684 27 1196 1609 1906 1398 841 654 2275 1694 1867 
1685 1544 1321 72 182 
2102 2083 1686 378 
710 1687 
1994 2119 951 1428 401 187 1688 
1689 1320 349 1835 2256 2059 2226 
901 1692 1542 1966 1690 1194 
415 1691 
1127 1690 1692 
1560 2231 1279 1079 1104 1693 1882 570 
1386 2336 1694 491 1684 1835 896 1398 1177 1116 981 2395 502 
272 1695 1544 1321 72 2228 118 1136 76 542 1216 996 182 1243 
1696 347 
1494 1697 1506 1916 414 449 
1698 98 604 2441 
1699 264 
1700 2296 
1701 1723 9 
1702 1411 639 
494 2391 508 462 825 1137 1604 1703 1648 
2239 1704 487 1516 2322 1279 1200 531 632 1500 
1774 1346 1705 638 1136 650 
1241 2432 1706 98 1866 
1557 1707 2133 
157 1708 1433 451 
756 2367 1104 1709 
2232 179 1710 2403 
1711 2352 
1395 148 1712 
1713 2018 
1969 2001 950 1714 264 
943 207 1715 
729 1716 1574 
78 2041 1717 831 1827 1974 
1074 1718 389 
1506 1719 449 2414 1601 
1399 1198 1347 566 324 651 579 1720 1879 339 554 613 1903 2103 
220 1721 1640 
87 1722 
1701 1723 
700 1596 1236 1724 
368 1991 1725 
1996 416 1323 1154 1726 1638 977 278 910 2286 886 1894 1274 1247 1172 1099 45 606 127 
664 947 1727 832 1126 2297 611 561 
1728 376 1548 
336 1729 
893 1392 1730 162 977 138 1789 1937 
1731 560 
1362 790 489 428 1732 151 2138 640 1670 775 2381 1612 1073 650 
1091 1191 1733 1320 1835 851 2136 
0 1734 1562 2155 
321 1998 1518 1335 818 1735 366 369 470 1990 
949 185 1736 
1182 1450 1798 1737 1290 2401 2013 2095 1808 19 1758 511 
1738 137 367 837 1163 
1360 1739 1100 
553 1740 529 2139 634 2055 2172 
1252 1741 1772 
1401 2418 1742 107 
801 2402 324 261 1743 475 
314 2208 1744 
1745 2027 
1376 1746 169 1290 
1747 634 1001 
1748 623 8 1269 550 
1628 1749 866 
2184 1750 889 
289 1886 2436 1751 200 1418 821 
2284 1752 1638 750 1171 163 1465 
893 1630 207 156 683 2254 1228 1753 79 388 138 1213 1789 934 1661 
1754 1484 
1384 908 1755 
454 774 2422 334 2089 1756 
23 667 1757 662 2214 
154 1737 701 1942 2275 2401 2013 2030 1196 1376 2095 1808 841 1758 432 2214 19 2011 471 1800 1922 667 1671 1867 169 862 
1869 1759 1557 
1270 1028 252 2297 2025 210 2400 2427 2295 1464 1476 101 1760 1059 605 2033 190 
1256 904 1761 1231 443 39 2079 1893 587 840 503 
1762 2294 1405 2026 62 
1763 344 
1764 392 
1456 1765 
387 2389 2357 2243 185 2254 790 1346 2046 1766 1570 2381 2395 749 1945 1900 273 2336 772 1799 1911 228 924 2074 2343 650 
553 1375 1486 1767 
1597 901 1768 2248 2200 2043 307 1889 119 985 2066 
1350 1769 
584 1770 1383 
105 1771 
1772 1741 
1994 1600 712 1773 335 
1385 1958 1774 1705 1227 1897 1225 2143 
51 1775 230 260 122 1476 1867 
2254 2312 796 628 1911 1171 1776 
1777 1254 
293 560 2172 1778 659 
1779 971 1644 
1039 699 1780 
2294 1022 1781 
1782 1864 
1783 697 
796 662 1784 2275 273 1867 
1785 548 1468 2279 
2261 2108 1786 
2373 176 489 1639 1018 240 1824 1831 2323 1857 158 1002 680 769 1163 743 452 1379 785 724 1787 190 
220 1895 625 835 1640 1967 1980 1682 1788 
893 2391 203 738 1753 79 2082 1730 1789 1213 934 1257 1661 
904 2370 1231 2366 1790 1012 817 742 995 
1924 1791 
400 2019 1792 
2192 708 933 1793 
820 1338 97 223 1154 1794 1247 2101 
1795 1548 
2087 1796 
220 1211 1797 
181 1737 54 1271 2291 1844 1208 196 1037 1155 2281 17 1157 852 1798 1853 1679 426 2137 1230 2092 2003 70 958 
2357 772 2254 1799 1766 
2391 1800 2169 465 1964 2155 1376 1808 1671 1758 1841 1648 
220 634 1801 
1252 1802 433 
1803 560 398 
1010 2041 896 2299 336 831 1116 1804 2395 235 
1805 1907 
2349 2338 1806 
1917 1807 2062 1219 2446 
2147 1450 1737 1310 1800 1679 2401 1922 1942 1376 1808 841 19 1758 511 1867 
1809 1251 
1810 263 
1811 787 1506 1548 2144 217 
1596 1296 1832 1218 1053 1812 1180 939 759 598 1868 
2156 1813 996 
1814 930 1605 
2423 81 1815 507 1485 
2264 287 1839 1816 1116 1914 
1817 2334 
2423 582 1818 58 1286 365 1214 
1645 1819 766 
427 1272 806 2169 738 705 796 609 883 2212 1820 159 2425 1300 
297 2322 1079 2068 1104 1548 1384 1821 
1098 2423 1657 582 1338 1321 1154 2026 803 535 910 1525 1822 750 1247 298 2002 1274 
1039 986 458 1823 1548 1541 
2044 1994 1018 1835 2388 1824 1787 
1825 235 686 
1826 927 
1386 851 1372 903 1126 1835 1717 631 1844 2076 829 201 1965 921 1827 
2099 1604 1828 644 
1037 2223 34 1548 1829 
1860 1998 2422 343 2237 505 926 1518 1226 1052 713 1830 1351 1112 470 1990 2391 1335 310 322 719 707 2088 
743 452 1018 675 1835 2080 240 1831 1787 
1596 1832 1812 1180 939 1868 
634 1833 
1834 995 1385 1674 
1733 1835 1564 2061 2063 745 201 1694 1568 1689 1545 1191 1320 349 2332 33 101 1965 1824 1831 1386 1372 426 898 1976 1177 921 1827 303 2125 453 641 851 1419 2033 
1368 2392 18 1887 1836 1114 
567 1837 
2048 1838 1548 
1553 340 734 1839 1319 1196 2299 883 1816 727 1914 1134 
1840 2067 
1538 1841 118 1800 
1842 1250 
1843 2438 
1419 1798 1016 1983 903 1417 433 1844 201 1827 
1930 491 1845 1464 1382 1208 
1037 1846 262 1314 1662 895 2398 1011 
1847 1897 
896 1848 
1386 1155 2281 2373 1016 1849 2297 745 196 
714 1850 1548 324 
1493 1494 1851 1024 812 1506 1869 1063 1454 32 338 1579 271 449 2414 125 
943 207 1852 741 
1798 1507 77 1853 23 549 327 1277 
2085 964 221 1854 1548 1085 
1855 745 1083 201 1239 948 
491 1856 667 669 446 991 418 1074 
1994 1857 790 640 1612 1787 
1858 1416 
1859 2241 
1860 2391 853 1548 1206 1830 
1861 1006 2022 831 150 
1933 1429 820 282 1926 1154 2183 1147 1862 1381 2329 923 2201 1666 507 
2010 1481 1863 150 
1782 850 89 1864 
1865 1403 
1548 484 1706 98 1866 
51 2025 1950 1942 2318 2275 1775 825 2052 1196 1906 1808 841 662 1758 1784 33 654 439 273 2014 1684 354 1476 1867 1989 2372 465 
218 1832 1266 1812 939 1222 765 1130 598 759 472 1868 380 703 
1552 1494 1851 1958 1869 2057 1589 1759 1557 1579 2170 2430 
614 1056 1204 1659 1870 589 
1377 1871 
1890 265 1872 608 
1873 634 
161 1874 2301 1179 
1969 2303 1875 1889 550 119 643 
1326 1989 749 2156 559 638 1876 599 564 
187 1877 30 2373 
1878 1377 846 
1416 1560 1544 1164 651 1879 1720 596 182 2260 798 
1986 1880 
1328 2444 1988 191 1881 
1882 1693 2329 535 
1010 1947 141 1259 1228 361 963 1883 1319 1384 2041 542 1426 
1060 1884 
1885 1411 639 
1751 1353 1886 1438 
1887 1836 2287 2101 
2106 2373 1888 1428 1559 187 
1948 1245 550 88 119 727 2066 586 1537 1875 1237 2234 1936 1597 1969 1238 718 189 620 1768 2111 2303 1050 595 1889 1515 
1597 1890 1637 656 1872 304 8 1269 
323 676 661 534 849 76 1975 1275 2078 730 2353 219 1891 1243 
2434 387 1892 2254 1346 1911 2378 319 1207 650 
1166 1636 1761 1893 503 658 
1726 1894 1247 1666 606 
1895 1788 
1628 1896 
1328 2435 1217 2156 1774 1325 1116 2143 2370 2366 1847 1897 1225 2391 806 2444 746 1154 552 1274 658 
1051 1347 1152 411 2446 1219 1649 1898 
635 728 1899 
2434 387 2107 772 185 1766 1900 273 
413 784 2029 1901 909 
1902 2373 
1347 1903 1720 
1904 59 1553 745 
115 1062 1905 
943 1346 1950 1151 2275 2318 965 683 738 1437 796 825 2052 162 388 27 1213 2030 1906 1171 1196 662 33 1571 2255 1973 1553 2364 1684 741 1012 1990 1867 2391 156 1989 806 2169 2312 1154 559 1911 2138 1316 1453 
1805 1907 
1908 1966 918 2012 381 
1068 524 1598 535 1247 1909 2345 1364 2002 1132 
1910 1078 
387 2389 2243 1107 2254 790 267 1346 1929 2046 1641 1766 1391 404 1570 1019 2381 2044 696 799 6 1018 178 877 2270 1906 1945 751 1617 197 1372 772 1892 2278 36 1047 2410 957 1089 1776 578 2416 2312 785 1911 2138 1316 2074 385 2343 1168 254 1207 
1912 1524 2159 1048 1276 2432 1587 612 
1010 1453 2433 1913 
1431 1495 399 2084 2345 132 287 1839 1319 1247 335 1426 2365 1816 320 842 1914 89 
999 1385 2373 1313 23 2406 1915 1059 2382 971 
1994 1697 1916 875 401 217 
943 1431 1917 1051 442 1092 58 284 519 1159 365 1807 2062 1003 2318 2420 
720 1994 1647 1918 
357 1919 1385 1392 31 1543 1134 
2208 2403 2232 2196 1920 
2444 1921 1385 1674 
1252 1942 1196 433 2095 1808 841 1758 19 1013 439 1310 1521 270 1922 2075 1354 153 2372 761 2088 
1318 1923 
1924 1078 1791 
714 2142 1925 
1429 582 1926 416 896 1862 1116 1151 2395 507 
132 848 834 528 1257 1927 
1928 2158 425 
1553 1372 1018 2410 491 1929 46 1911 1227 2238 
1930 1845 
1553 2052 1567 1421 817 2053 1931 
457 1932 2256 2059 971 
386 1933 801 2419 820 1323 2420 1490 1147 917 1862 1381 1247 1151 1666 980 606 507 
348 782 974 896 1934 
1006 959 1935 
2043 1245 1889 550 1237 1936 
1730 1213 2002 378 1380 1937 
104 2229 1938 667 
1659 1939 2075 1204 
1940 332 
2123 1941 2068 795 
1450 2426 520 2025 1942 2275 38 1262 999 2271 2013 1196 433 1808 1758 1313 1455 439 1310 1922 292 2020 1867 1314 
1477 1393 2442 626 1943 2206 588 20 1410 
757 540 1944 1001 
387 2389 2254 790 1346 2046 1641 1102 1766 1570 2216 1362 162 2327 779 1945 1617 1228 525 787 1125 1073 222 79 1911 2138 1316 2074 385 2343 47 650 
1270 1946 287 2041 1012 1116 335 
1010 1947 141 853 1883 686 1116 
1969 1267 1948 2043 1548 1245 1889 550 681 280 119 1500 
1164 534 810 71 805 938 869 295 1949 744 182 1243 
1472 1548 1950 2319 1429 2056 1385 749 462 880 796 825 2052 1561 1906 2299 831 371 1033 1370 1867 348 156 2169 2386 86 2201 
2289 2368 1289 375 805 938 71 481 1951 118 869 1487 430 
1952 2086 
891 797 1393 728 1953 2340 2042 1412 915 2206 
2391 156 806 2169 825 388 559 883 2212 1954 996 
2250 2330 1536 1958 1345 1520 1955 571 
2294 2026 1956 887 326 
584 881 2320 945 1383 1957 1349 1587 
1552 2273 1494 1958 1869 1774 1534 32 1955 363 1557 1396 996 2170 2430 
1596 1308 148 1296 1959 
1250 1960 
1516 1079 1104 1961 
1962 409 1204 
1280 890 1963 1548 
1268 1964 1560 1800 
1419 2330 2281 23 1835 1564 2332 1396 745 201 1965 1827 
1966 1908 1293 1690 
220 835 2060 1967 1682 1788 
1968 1113 1315 142 766 
1948 1627 2006 1245 550 681 88 2065 727 2066 710 586 2248 976 1714 2209 1537 1875 251 643 2234 1500 1969 1118 1610 1680 1169 96 620 1215 2157 2111 2001 538 2303 1462 1658 1889 2174 754 
1970 2128 340 
2122 1971 
1309 1555 569 668 164 2138 170 2165 371 2098 2007 1972 
2391 156 1989 683 806 2169 1437 796 825 2052 2312 559 1906 1453 1973 1134 
2378 1717 78 1974 
661 71 849 1975 1275 730 1891 1243 
1976 1835 2059 2332 745 59 971 
2294 1977 1404 
1994 2106 2254 1228 544 2327 39 2216 1978 187 
1979 1154 803 2420 
1980 1682 1788 332 
2131 1653 1981 2173 831 
500 1982 766 
1844 1372 1983 
1984 634 
48 1425 947 1985 745 
1986 1880 
916 419 1987 2298 2008 
1881 1988 1084 1328 
963 2348 1567 1136 497 272 599 564 2318 423 1561 1906 1030 1973 1070 2228 1876 1867 1326 156 1989 2169 2312 559 638 2138 
321 1998 1351 983 683 297 1052 291 818 1906 1830 1735 366 369 1112 470 1990 
1310 95 1306 962 2167 368 1991 85 1725 2263 1639 
285 1992 
140 1379 2069 1993 724 1378 365 675 39 2256 2226 2080 2108 932 971 
2243 2106 2254 790 1264 2119 951 1421 1570 2381 1469 1612 489 2216 1639 1994 2044 111 1062 6 11 2327 837 1824 244 1978 187 401 82 1688 2323 1857 30 2405 1002 513 544 957 1655 875 1163 1073 2343 137 2312 712 2001 367 1916 2437 1773 1088 1283 1918 720 1168 2121 190 
1995 562 
1996 2346 444 1726 917 
1997 2294 1405 1022 326 
1998 1518 1335 1830 1735 470 1990 
812 1063 2266 1999 593 2194 
806 2151 825 2052 965 435 1283 883 2000 
1969 1994 1118 1215 2157 2001 1714 2209 384 251 643 
801 58 937 535 1364 2002 127 184 1132 357 1323 977 1822 1480 954 1629 929 238 1527 1042 886 1909 1099 1274 606 1380 1937 
2003 1798 2214 
679 2004 
2005 1212 
1969 2043 2006 1440 119 643 
964 1384 854 1482 373 2007 1972 
419 1987 2008 
1253 1154 2305 750 542 923 2009 744 
2010 1863 
169 1290 1376 1758 2011 
2114 752 1908 1113 1524 543 1315 728 918 557 500 194 1563 142 2012 766 
1737 169 1290 2013 1942 1376 19 1758 432 511 
2014 1507 77 2025 210 2400 662 654 1059 1867 
1230 23 1271 2015 
91 1229 2016 1594 
44 2017 
421 1713 2262 2022 310 2052 1311 118 424 996 2360 2018 
400 852 17 2019 1018 1792 2063 240 329 
1389 520 1252 1942 1671 2020 439 
2282 2021 
1861 2022 310 1502 1311 577 2420 2018 
484 1467 2023 997 
2257 2024 251 
2014 1270 2426 1185 2025 210 1252 1942 1196 2095 1464 2214 2295 1760 549 439 1867 
1762 1338 463 2294 2026 1956 1822 937 436 887 955 326 2420 
1745 2027 
2028 2359 
1901 2029 
2367 748 1104 683 738 1437 825 162 27 2030 1906 1196 1758 1228 354 1272 156 986 2169 467 1453 934 
2031 209 
2032 833 
2137 1835 1564 1464 1760 2033 971 
930 714 601 1342 2034 
2035 1602 
1469 2036 
2267 2253 2037 
407 1071 2345 324 463 1458 2349 2038 1622 1358 1115 791 173 679 955 1224 
1204 2308 409 914 1056 2039 
1395 1308 682 2040 1583 
1567 1717 1038 2395 2264 2041 896 2299 831 1116 2064 235 340 1883 1319 1069 1804 1010 853 688 2438 1946 
2042 1412 1953 1393 
1948 518 2006 1245 88 2043 1936 2234 1500 1597 1610 1118 865 2200 1440 814 1768 2111 538 99 1658 
1994 2044 2373 790 1911 1469 1824 1073 
2045 1333 
387 2389 185 2254 749 1346 2046 1513 1766 1911 1945 
755 2235 2047 
1597 1838 2048 1548 2155 
1533 1039 324 2364 1104 1548 2049 1367 2212 2071 1666 1161 507 
2050 1565 
1453 825 156 2051 
582 1289 1567 1950 2318 1931 683 749 2151 1437 796 825 2052 162 1561 1400 27 1906 1304 2255 1973 2018 1332 786 1090 1034 1867 2391 156 2169 853 1154 559 2212 2000 2201 1453 
404 2144 769 1012 640 1670 779 2053 1931 
1597 1205 1409 2094 2054 
553 1740 529 473 1618 634 2055 
1033 2056 1950 
48 1869 2057 1143 1589 832 561 1455 448 2092 338 453 445 996 101 465 1327 
1683 2058 
1689 1014 417 1191 1932 1976 1320 2256 1572 2226 2059 2061 1083 201 1669 490 329 2136 
1967 2060 
1320 349 1835 2256 2059 2226 2061 724 
1917 1051 1807 2062 1003 284 
2019 1835 1564 1422 2063 1419 
806 287 2041 1116 2064 
1969 727 1462 1658 1054 681 550 1624 2065 
1969 96 1768 2066 2209 1245 1889 681 251 119 643 1500 
1840 2067 1683 
1657 2203 1516 2322 2246 81 2068 1104 2367 1490 1672 1941 1387 795 1117 1821 1606 420 
140 1553 1379 2069 1993 1378 675 390 2226 2080 2108 724 1203 971 
2138 1079 2070 
1597 168 1533 2316 1490 1367 1045 2049 1400 965 2212 1138 2071 1090 
619 2072 1499 
1560 2073 
387 2389 185 2254 790 1346 1641 1102 1766 1570 1362 779 1945 94 1617 525 1047 1073 222 79 1911 2138 1316 2074 385 2343 650 
1310 2281 1922 2075 1939 
1827 2076 
2077 2330 
1253 2260 1321 542 2078 730 744 219 1891 1243 
1166 1636 1761 587 2079 503 658 
743 452 1379 2069 1993 48 205 2080 724 240 1831 
2081 2316 1200 60 2209 1548 1319 1054 1220 251 2396 
203 2082 934 1789 
2083 1686 378 
1495 2084 1154 1297 320 1151 459 1914 
2085 342 964 221 1854 1548 
1952 2086 
2087 1796 
1597 2391 1310 806 738 1922 1013 2212 1830 1206 159 2088 1300 
454 774 2422 334 2089 1756 
665 2090 2205 
2178 1145 2091 
1386 1798 2057 2297 2291 1423 2092 829 455 
1502 2093 
1597 1409 1317 2094 2054 1131 
2147 1310 1737 1679 1922 153 2025 2372 761 433 2095 1758 439 
2096 1117 
296 461 2097 
2098 656 1972 
348 95 1548 1252 2099 439 1828 
1384 2322 1079 2100 
1051 1347 2287 1794 411 2127 1887 1247 2101 1219 1649 
2102 1342 1686 524 378 
2103 1720 
1219 2104 
337 259 2105 1590 612 1294 
82 1994 2106 2373 239 158 137 544 1600 1888 1442 747 1026 244 1978 187 
387 2107 185 1900 273 2198 
1016 1372 2069 1993 205 2108 1786 1327 1667 
261 2109 245 2365 
1004 1637 2110 1220 358 
1969 2111 2043 1548 1245 1889 681 88 119 643 1500 
2112 1618 
2199 2113 548 608 
2114 918 557 500 142 2012 
1039 2280 1530 2115 535 552 2329 468 524 
2116 150 
1077 372 536 1149 314 652 2196 2117 
2118 1638 651 750 554 1198 
1994 2119 1428 187 1688 
852 1446 23 1271 2427 2438 2120 2395 
1994 2121 1616 
175 1971 828 215 355 1384 2122 1382 1482 1607 1122 2384 2189 
2123 1941 
553 529 622 2124 1618 634 237 1174 
851 1835 1564 1572 2226 152 745 1083 201 2125 
2126 678 
2127 1480 2101 1219 1649 2446 
2264 2128 1970 235 
2129 732 
1452 1473 239 747 2259 1154 2327 800 2130 281 872 
1981 2131 1385 2444 
2132 882 1548 
1589 1557 1707 2133 996 
2134 1404 2441 
1014 48 2226 152 2135 
1155 1733 2059 851 201 2136 
1798 1507 2281 77 303 2137 54 1028 23 2218 2427 2033 1639 
387 2243 2254 790 1346 1732 749 1437 388 1906 1945 2070 1972 1989 1911 228 2138 1316 2074 385 2343 
553 2139 634 1740 
2140 1254 
40 2141 
2178 2142 521 1145 1427 1925 143 
1503 582 657 1774 397 1370 1214 2319 497 1233 1897 150 2143 
1811 1556 1538 423 2348 1421 2144 992 1012 779 1670 996 2053 28 
1161 2145 656 
523 345 2146 1548 1220 
2147 2275 2095 1808 
2148 2404 
1308 148 653 2149 
2153 2150 791 324 
1553 826 2151 239 796 2052 404 2327 1213 2000 1107 1090 47 
2370 2366 2152 817 658 
173 2150 2153 
1385 749 2154 1289 2221 1513 2349 1397 
1800 2373 2426 2048 2155 1252 1734 589 
2156 559 638 1030 996 1897 1305 1876 599 1813 564 
1969 2157 2001 681 98 2441 1500 
1928 2437 2158 
1912 2159 1276 612 
1385 1110 690 1026 2160 
987 1473 2161 
274 2162 84 
801 245 2402 1039 2163 261 1527 475 
2164 2211 
860 569 1250 969 164 2165 371 1972 37 
2166 1377 73 1356 
2218 2167 85 1991 1140 1639 
2168 236 
1567 1950 118 2318 427 1437 796 2052 388 2030 1906 1973 1528 2339 1070 1332 1800 1820 156 1989 806 2169 2312 559 883 2212 1954 731 1300 
2273 1958 1869 1589 1063 1625 1534 531 1619 1557 128 996 2170 465 1519 1481 434 125 233 
498 337 2171 1499 1183 
2172 1778 1740 
1981 2173 545 2444 
2174 1969 1500 
2175 229 118 59 1639 
2391 801 2176 2233 714 150 
2177 2296 1329 
1339 2178 2142 521 2440 1145 143 2091 777 
1597 1317 214 1548 2179 2396 
1398 2180 
2391 2181 1548 1562 
1628 2182 398 
1098 1429 2183 1862 1381 2329 1151 507 
2184 1750 
782 2185 2386 858 317 
2186 506 
2187 363 164 170 
1385 1512 1547 2188 745 59 
2337 2122 2189 
224 1066 2190 
2191 2214 
2192 933 1793 
1077 2193 
812 1999 2194 
229 118 2195 
536 1920 2208 1578 83 314 179 1418 700 2196 2117 25 
53 645 1358 2197 
2107 1146 1647 2378 1242 2198 
2199 2113 302 
1768 2200 2043 307 119 
582 2392 2052 1950 750 1862 1381 1387 2201 1151 
296 2202 
297 2203 1079 2068 1104 1384 
2204 1154 834 1148 1574 729 67 
665 2090 2205 
1477 797 1393 1953 2442 1943 2206 1410 
220 617 1211 279 836 2207 634 
372 536 2285 1920 2208 1744 83 314 179 1352 652 2196 25 1475 
1969 1118 2081 2001 950 2066 2209 1529 264 643 1500 
1596 2342 1308 148 1218 2210 939 
2164 567 2211 
1367 683 825 2052 1490 388 2049 1400 965 1387 168 1479 1332 2316 1820 159 1090 1351 1533 2391 806 2169 609 719 883 2212 1138 1206 2071 1954 707 2088 1300 1648 
2213 794 927 
1758 687 1450 696 1270 578 2191 2025 1 1619 1757 1464 1208 2214 101 2003 209 125 
1109 2215 
1994 356 2254 790 2327 2216 1945 1469 1978 
1488 2 348 214 2217 
2302 2137 2218 2167 605 1639 
1252 2219 
2290 2220 
2289 1385 1164 1472 2154 1289 2221 1513 375 805 938 1487 
552 2222 
1829 2223 34 
2224 813 
2225 54 
205 1572 2226 2061 1083 201 537 2135 971 1689 17 1191 1320 349 852 140 1014 1993 898 675 1379 2069 2256 2059 2125 
2227 922 
1695 1081 1253 1989 677 1259 1321 963 72 250 2305 2228 1136 786 542 1216 212 1193 1243 
1049 2229 1938 
2294 1405 2230 
172 1693 2231 1522 
2403 2232 186 618 1920 1710 179 1475 
2233 2176 885 
1597 1969 112 2043 1548 1245 1889 119 2234 1500 
1504 2047 2235 1096 2265 
1213 2236 514 
2237 470 1830 
452 1553 1929 1635 286 2238 
2239 1704 88 
1037 257 122 667 1252 2240 605 
1859 2241 
925 2242 1104 
1994 387 799 2243 2254 790 2312 1346 1766 1089 1911 228 2138 1316 2343 2381 
2244 831 
2245 324 2294 278 791 887 2356 
2246 81 978 2068 1090 
2392 2274 2247 
1969 1118 1768 2248 307 1245 1500 
1542 2249 328 
1955 338 2250 571 
2251 2264 
2252 2299 
2253 2037 
2357 2389 2243 2254 790 491 1346 2046 1641 1766 1391 404 1570 2381 2318 2216 502 1994 1362 799 178 749 2270 796 1008 1213 1171 1945 751 1978 1617 197 772 1892 1753 1776 2312 1554 1799 686 628 1911 2138 1316 2074 385 2343 973 1168 
156 749 880 796 825 2052 1906 2255 
852 1689 1014 1993 48 1932 2256 1572 2226 2059 2061 70 490 971 
1471 2024 1108 21 550 119 2257 
893 1340 756 934 2258 
2130 2259 903 2327 1287 631 747 
357 2369 1416 1253 1544 1560 389 1525 954 1388 1879 596 2078 1268 1258 2260 182 1243 
2373 2261 975 1786 167 
2262 2366 118 996 2018 
2445 469 1306 368 1991 85 1419 2263 1189 
82 2264 340 2128 1040 2041 1038 1816 2251 80 
2235 2265 
812 1999 2266 1494 
2267 2037 
834 2268 
259 1119 2269 
387 2389 197 1385 185 2254 790 491 1346 2270 1911 273 
1942 2271 
2272 147 2444 
2170 2273 1958 
2392 873 2274 819 1219 1649 2247 
2147 1684 770 1196 1942 1906 841 1784 1758 33 2318 2275 439 1867 
860 1204 2276 1659 318 274 
2277 927 
582 2278 1346 1213 1911 1171 74 751 1465 
1785 548 2279 
941 943 442 222 2280 1530 1102 2115 1213 750 47 1327 378 1661 
590 1798 2281 426 2137 2075 262 1849 611 1464 1059 1965 1208 1639 
2282 2021 782 
1597 498 2283 619 580 1608 1497 
357 2284 1253 861 1752 2436 1154 191 1638 389 750 1274 182 
2285 2208 
1726 2286 1253 1274 
1887 2287 2101 
352 568 634 700 2288 
2289 1365 177 2368 1544 1164 2435 1321 607 2221 375 805 1951 481 430 182 
2290 2220 
1386 1798 2291 2092 829 455 658 
2380 2292 1659 1204 
2293 286 128 975 
822 2245 1762 1997 2230 2294 1405 62 1977 2026 1956 591 1406 256 887 1022 1781 
1394 649 1270 532 2025 210 2295 1407 1760 1023 571 1371 
1700 1651 2177 2296 1144 
1386 664 77 947 1727 1126 1849 611 2297 2092 1760 455 
916 1548 419 1987 2298 
2252 361 1839 1069 1950 2041 896 2299 831 1116 1804 2395 235 
1009 1417 2300 
2301 1874 
2302 2218 210 2400 605 190 1639 
1969 1215 2303 1875 1889 88 119 643 
1253 71 2304 182 1243 
2369 423 1321 1638 2348 2305 2228 272 2009 1243 
1258 2306 1206 
12 2307 518 1548 1245 726 
1037 1204 2308 914 953 1056 286 2039 
1597 1409 2309 
2310 340 688 883 1263 
644 2311 
2243 2254 790 1346 1994 738 1437 796 1906 1973 1776 1034 1661 156 1989 2169 2312 559 628 1911 228 1453 
814 2313 
2381 2314 
397 2315 1404 139 
1597 168 2081 2316 388 1045 2212 2071 913 
504 1401 2418 2317 
1917 1092 1989 738 2254 2169 796 2052 1906 1171 662 33 2318 2275 1867 
1538 1950 2319 858 2143 
584 881 2320 1383 1957 1349 1587 1643 
2321 334 69 813 
1704 297 1516 2322 1279 2068 1384 2100 1821 
1994 2405 996 1787 2323 
1035 236 280 2324 
220 1211 2325 279 1430 634 
2326 1105 
1994 1617 2151 239 747 712 544 2259 903 443 2327 1287 2216 1945 631 385 2130 2448 1978 658 
2328 1281 616 413 909 
582 2115 535 2183 1862 1381 1247 2329 468 1882 507 
2330 1446 1955 1965 996 768 2077 
792 2331 2396 483 
1425 46 1976 1835 2332 745 201 1965 
626 20 1410 2333 
1817 1226 2334 
480 1058 2335 394 40 
2336 1694 1385 1766 
919 1292 2337 1498 1440 645 2189 
2338 948 1806 
2391 508 2169 159 2339 
891 797 1393 1953 2340 1412 915 
1548 2341 
2394 2342 1308 1599 942 2210 653 1588 117 
1994 387 2389 2243 1617 185 2254 790 1228 1346 1047 404 1766 1911 228 2138 1945 1316 2074 2343 
1209 2344 
1598 535 2038 1247 2345 679 1909 1914 1132 
1996 2346 1323 547 
2347 564 1331 785 
423 1989 1259 2348 2305 2144 
1055 801 324 2154 691 840 173 370 1203 730 294 1224 1806 1232 2448 1397 2349 1566 555 935 2038 
1068 2350 1104 535 741 1247 1387 468 1090 
2351 1094 
1711 567 2352 
1321 661 534 730 2353 219 1891 
2354 544 
2355 1478 95 
2245 791 2356 324 
2357 2389 772 2254 1799 1766 
2358 1489 1404 
2028 2359 
672 2360 2018 
220 1211 2361 634 
529 634 2362 
2363 634 
704 223 2364 412 1045 2049 1906 269 1666 709 
498 214 2 2109 834 2365 1914 1410 
1385 2262 2370 406 2366 1790 769 1012 1670 1897 2152 658 
986 1709 2367 748 2068 1104 903 2030 1220 1206 
2289 1253 2368 1164 1289 375 805 938 71 481 1951 430 1243 
2369 1253 1544 1560 1321 389 2305 1525 596 2260 182 1243 
1385 1674 2370 904 519 1231 2366 680 587 1790 2152 1897 817 742 995 658 
756 45 2371 
1310 2373 1922 153 2372 761 2095 1210 451 1186 439 1867 
1016 2106 2373 1644 773 2155 1915 1888 745 747 1428 1091 2044 1547 1150 1170 1196 975 167 244 1902 187 82 1235 30 1600 2405 1473 46 23 1849 2261 991 1073 859 712 1285 1088 1877 2372 59 1239 1787 
1370 2374 964 
200 2375 
465 2376 
838 2377 
1892 1146 1228 1647 2378 1974 2198 
2379 816 
1204 1417 2380 2292 1659 1056 
1994 2243 749 2254 1018 370 1641 1732 1766 2314 628 1911 2381 244 1559 1073 
1915 2382 
1584 2383 
1384 2122 2384 1079 
173 1297 2385 698 
2185 2386 317 1950 
2387 1404 582 542 
1824 1559 2388 6 
387 2389 2357 185 2254 1346 2046 1766 2270 1008 1945 33 273 2434 1617 197 772 1911 924 2074 2343 
1366 2390 
1282 1860 477 1560 828 87 1289 1079 1057 1548 2181 624 136 427 683 738 796 2052 27 388 1400 1490 965 1906 1013 1973 2339 420 1070 168 2176 1800 354 1830 1897 159 1242 1703 1533 2391 1272 156 970 806 1340 906 609 1789 883 2212 1206 1954 2088 1300 1134 770 
1429 2392 1836 2274 1577 2201 2247 
529 2393 
2394 2342 1308 1599 942 653 117 
282 1926 397 1634 1766 1567 39 1549 1227 2120 2395 1694 696 966 287 2041 2299 1116 235 340 1319 1069 1287 1670 578 1804 853 688 2427 
214 2081 1242 1548 1400 1220 2331 2179 2396 
917 2397 
925 1846 1404 2398 
2399 667 
2014 2302 2400 1760 1140 
1737 471 1290 2401 1808 19 1758 
801 2402 2163 261 278 238 1527 1743 1323 67 
2403 2232 618 1920 1710 1475 
1656 2148 2404 
1994 2373 2405 790 137 544 1469 971 859 2323 
38 1262 999 2426 1665 2406 1915 433 1313 
619 2407 1303 
1448 882 2408 1548 
2409 1511 
1553 1372 1018 2410 1929 1213 1911 
549 2411 
1031 2412 
2413 1474 
936 1851 1506 414 1719 449 2414 1601 
1493 2415 716 479 1210 
2416 1911 513 
2417 344 
1401 2418 2317 2429 504 1742 
2419 1933 1174 
943 1917 941 820 1338 1164 2420 535 1525 1381 173 1151 1098 232 861 803 750 1297 1979 280 1933 2022 1147 1247 416 2026 507 1543 1274 606 1380 
1123 2421 
2422 1830 334 2089 1756 
582 1818 1286 1443 1485 1098 2423 1429 803 977 1822 298 857 276 1214 1115 1577 1657 1154 1815 1591 917 1274 606 
789 2424 
2425 1820 
2426 2406 2025 2155 1252 1942 1210 433 
852 1446 2137 23 1271 2427 2438 2120 1760 1059 2395 235 
2428 1574 
504 2418 2429 
1869 2430 1958 
566 1598 1162 2431 636 695 
1912 1706 2432 57 
1913 2433 883 1404 
2434 2389 1892 185 1900 
2289 245 1253 1540 2435 1154 1642 389 384 1527 1897 1258 
1065 2284 582 2436 1751 634 
1994 2437 2158 1434 
1843 733 1647 2041 2427 2438 2120 552 
484 2439 111 
2178 2440 1145 1652 
2134 111 2157 126 1698 1571 775 1107 98 604 2441 1139 
2442 626 283 1943 2206 
2443 529 622 1618 634 1174 
2131 1328 2444 2173 1921 188 2272 1881 1897 1084 235 
2445 1306 2263 1460 
1051 1368 1898 284 1807 2127 1003 1649 2446 
389 1638 596 1355 2447 798 
1385 239 2327 2349 675 724 1203 2448 971 
